D:\Anaconda\python.exe D:/Language-Translation/Model/train.py
8.708000183105469
8.091469764709473
7.554996490478516
7.3894500732421875
7.41501522064209
7.0396599769592285
6.47686767578125
5.990833282470703
5.918758869171143
6.515754699707031
5.8286967277526855
5.64616584777832
5.50656795501709
5.406552314758301
5.357080459594727
5.182219505310059
5.196436405181885
5.1683454513549805
5.084353446960449
5.098602294921875
4.9433417320251465
4.8888349533081055
4.976202964782715
4.965935707092285
4.964834213256836
4.949558258056641
5.004992961883545
5.023257732391357
4.828386306762695
4.756148338317871
4.844284534454346
4.985340118408203
4.700781345367432
4.873636245727539
4.729555606842041
4.671534538269043
4.617914199829102
4.713253498077393
4.834505081176758
4.540108680725098
4.592301368713379
4.587235450744629
4.740716457366943
4.564335346221924
4.608648300170898
4.621978282928467
4.677485466003418
4.4734368324279785
4.598260879516602
4.571930408477783
4.577709197998047
4.4600443840026855
4.503957271575928
4.546257972717285
4.568893909454346
4.435510635375977
4.524709224700928
4.466289043426514
4.491674900054932
4.4568281173706055
4.4940619468688965
4.4147515296936035
4.425501823425293
4.557746887207031
4.408079624176025
4.188167095184326
4.229652404785156
4.421580791473389
4.454977989196777
4.3549041748046875
4.291905879974365
4.298362731933594
4.342087745666504
4.301268100738525
4.32908821105957
4.360100269317627
4.386565685272217
4.372987747192383
4.267185688018799
4.217352390289307
4.192807197570801
4.261290073394775
4.348660469055176
4.384535789489746
4.224647521972656
4.222735404968262
4.270382404327393
4.298416614532471
4.295354843139648
4.1931376457214355
4.358349323272705
4.075376033782959
4.259246349334717
4.190478324890137
4.043966770172119
4.110528469085693
4.072622299194336
3.978179693222046
4.21950626373291
4.182705879211426
4.0808563232421875
4.185433387756348
4.041900157928467
4.098763465881348
4.118228912353516
4.03685998916626
4.006236553192139
3.9759960174560547
4.122173309326172
4.146778106689453
4.141739845275879
4.000410079956055
4.156011581420898
3.888251543045044
4.014786243438721
3.922822952270508
4.053573131561279
4.013382434844971
3.9855966567993164
3.965806245803833
4.055649757385254
3.9775593280792236
3.974011182785034
4.067766189575195
4.063012599945068
4.016870021820068
3.9716291427612305
3.9960527420043945
4.042258262634277
3.9604640007019043
3.85146427154541
3.849020481109619
3.9808509349823
4.138601779937744
3.9759328365325928
4.00434684753418
3.979478120803833
3.77949595451355
3.816892147064209
3.8518729209899902
3.882172107696533
3.9368791580200195
3.8987936973571777
3.7912890911102295
3.9000072479248047
3.8728127479553223
3.9666128158569336
3.823219060897827
3.972137212753296
3.890883207321167
3.712350845336914
3.832428455352783
3.8069303035736084
4.02172327041626
3.9948909282684326
3.770423173904419
3.7704224586486816
3.7581210136413574
4.008598804473877
3.865316867828369
3.6335391998291016
3.7256739139556885
3.870368480682373
3.707301616668701
3.8411993980407715
3.6505720615386963
3.791050434112549
3.6417171955108643
3.653460741043091
3.786803960800171
3.6703479290008545
3.716824531555176
3.8384580612182617
3.8619632720947266
3.6196835041046143
3.6293249130249023
3.623854875564575
3.5861093997955322
3.772475242614746
3.6663928031921387
3.5788769721984863
3.7713780403137207
3.6649601459503174
3.6987226009368896
3.4454026222229004
3.7975711822509766
3.6476938724517822
3.781419515609741
3.7185237407684326
3.5074050426483154
3.69447660446167
3.709749460220337
3.496924877166748
3.686677932739258
3.548001289367676
3.5410594940185547
3.6459929943084717
3.5747179985046387
3.709355115890503
3.583116054534912
3.5203769207000732
3.5887084007263184
3.357680082321167
3.513704299926758
3.3766043186187744
3.5129756927490234
3.4953019618988037
3.5924947261810303
3.385735273361206
3.522141933441162
3.4912655353546143
3.5984010696411133
3.5285656452178955
3.4440157413482666
3.5149803161621094
3.3850297927856445
3.377364158630371
3.4640743732452393
3.505610704421997
3.617417812347412
3.4705259799957275
3.5870072841644287
3.5246407985687256
3.4932119846343994
3.4734067916870117
3.5737812519073486
3.2831268310546875
2.706810235977173
2.7349681854248047
2.8272500038146973
2.963381767272949
2.7203798294067383
3.1121346950531006
3.289036512374878
3.6311914920806885
Epoch: 01 | Time: 50m 56s
	Train Loss: 4.242 | Train PPL:  69.514
	 Val. Loss: 2.998 |  Val. PPL:  20.048
3.411774158477783
3.15049147605896
3.511047124862671
3.244690179824829
3.172072410583496
3.433474063873291
3.3565926551818848
3.480175733566284
3.430967092514038
3.2962148189544678
3.2744686603546143
3.366356372833252
3.203788995742798
3.284998655319214
3.31381893157959
3.2833664417266846
3.504713773727417
3.37961483001709
3.3535101413726807
3.353980302810669
3.222062826156616
3.2768189907073975
3.1991665363311768
3.055582046508789
3.1329643726348877
3.2780601978302
3.2647523880004883
3.2421529293060303
3.164308547973633
3.1181771755218506
3.3596689701080322
3.1288564205169678
3.1926350593566895
3.0939812660217285
3.2813029289245605
3.205678939819336
3.300527334213257
3.005244016647339
3.051558494567871
3.1002097129821777
3.202483654022217
3.2462689876556396
3.113574504852295
3.302685499191284
3.4200620651245117
3.3694355487823486
3.256438970565796
3.121908664703369
3.1171278953552246
3.124685287475586
3.2119948863983154
3.2146670818328857
3.1959221363067627
3.2362844944000244
3.207537889480591
3.196251153945923
3.263512372970581
3.118558645248413
3.0591518878936768
3.0675039291381836
3.279815196990967
2.983144998550415
3.23874568939209
3.0331828594207764
3.005079746246338
2.9904699325561523
3.1229443550109863
2.985882520675659
3.12843918800354
3.3603620529174805
2.890835762023926
3.26269793510437
3.287961721420288
3.134154796600342
3.1308271884918213
3.2264504432678223
3.190375566482544
3.1054556369781494
3.301847457885742
3.1355507373809814
3.1352479457855225
3.2573819160461426
3.1171510219573975
3.0833539962768555
2.976400136947632
2.8541510105133057
3.170466661453247
3.103327751159668
3.158480167388916
3.1886398792266846
3.022838592529297
3.133634328842163
3.253293037414551
3.086747169494629
3.1716532707214355
3.090973138809204
2.9376816749572754
2.924426555633545
3.0935399532318115
3.1851437091827393
2.887207269668579
2.934297561645508
3.1200897693634033
3.1518497467041016
2.9581406116485596
2.9456512928009033
2.98409104347229
2.9934263229370117
3.0542068481445312
3.3751957416534424
2.93761944770813
3.0538578033447266
3.003976583480835
3.189650058746338
2.875788450241089
3.1273813247680664
3.015408754348755
3.080886125564575
2.8715062141418457
2.772636651992798
2.8819587230682373
2.9902737140655518
2.931922674179077
3.0975091457366943
3.0531980991363525
3.0258877277374268
2.8823816776275635
3.137146472930908
3.310284376144409
3.037550210952759
3.0649020671844482
3.134398937225342
3.1193952560424805
3.100623369216919
3.015624761581421
2.9802889823913574
2.989042282104492
2.987868309020996
3.105114221572876
3.1070430278778076
3.054386615753174
3.110846519470215
2.9333860874176025
2.847412347793579
3.1818437576293945
2.9465489387512207
2.9889767169952393
2.9545602798461914
3.173835039138794
2.948472499847412
2.9993298053741455
2.8012728691101074
2.8889694213867188
3.0609750747680664
2.8583011627197266
2.9332377910614014
2.9463119506835938
2.9266247749328613
3.0330190658569336
2.797029495239258
3.06799054145813
2.8632843494415283
2.8318045139312744
2.7525687217712402
2.794593095779419
2.902629852294922
2.7863447666168213
2.9245479106903076
2.9208590984344482
2.8884475231170654
2.9689364433288574
2.998152494430542
2.863386631011963
3.1418581008911133
2.8488216400146484
2.8803322315216064
2.873241662979126
2.873018503189087
2.8592069149017334
2.8092169761657715
2.946911096572876
2.8796167373657227
2.688887596130371
3.1805665493011475
2.9298131465911865
3.000732898712158
2.9142045974731445
2.8904929161071777
2.631767511367798
2.791893720626831
2.967808723449707
2.9997572898864746
2.9536476135253906
2.857888698577881
3.01185941696167
2.78601336479187
2.754194974899292
2.8626303672790527
2.815532922744751
2.9991703033447266
3.0006003379821777
3.069032907485962
2.721090078353882
2.9190001487731934
2.8201515674591064
2.974727153778076
2.8099007606506348
2.7765214443206787
2.6984057426452637
2.833702564239502
2.777106285095215
2.9344911575317383
2.8266520500183105
2.738568067550659
2.8893120288848877
2.667882204055786
3.087329387664795
3.144171714782715
2.7808828353881836
2.8185646533966064
2.7807679176330566
2.8163740634918213
2.8627781867980957
2.7416255474090576
3.014704704284668
3.056361675262451
2.9402475357055664
2.1647894382476807
2.2108891010284424
2.22503924369812
2.392207622528076
2.1004366874694824
2.5123202800750732
2.602207660675049
2.983980178833008
Epoch: 02 | Time: 43m 59s
	Train Loss: 3.054 | Train PPL:  21.190
	 Val. Loss: 2.399 |  Val. PPL:  11.012
2.673661231994629
2.8245019912719727
2.9066364765167236
2.9282948970794678
2.381636619567871
2.76621413230896
2.6872942447662354
2.6719226837158203
2.79166579246521
2.8913443088531494
2.7164065837860107
2.7287960052490234
2.7767348289489746
2.578871250152588
2.773898124694824
2.663841485977173
2.485071897506714
2.7183585166931152
2.5584192276000977
2.7106714248657227
2.657585382461548
2.5602800846099854
2.683525800704956
2.7787106037139893
2.721275568008423
2.874793767929077
2.640134572982788
2.6861233711242676
2.78523850440979
2.787182092666626
2.716561794281006
2.6214611530303955
2.7129132747650146
2.8148064613342285
2.638794422149658
2.556389331817627
2.7136390209198
2.811117649078369
2.6236822605133057
2.8034908771514893
2.5883781909942627
2.558547258377075
2.6970808506011963
2.6341073513031006
2.6201987266540527
2.682267665863037
2.646141529083252
2.82499361038208
2.521242380142212
2.581496477127075
2.7402963638305664
2.601433515548706
2.6623435020446777
2.43286395072937
2.543274164199829
2.711381196975708
2.533902883529663
2.7231736183166504
2.701768636703491
2.5886623859405518
2.71402907371521
2.6914992332458496
2.541736125946045
2.634129285812378
2.638195514678955
2.530705213546753
2.5616726875305176
2.6225063800811768
2.6757068634033203
2.8653671741485596
2.4296271800994873
2.7636117935180664
2.8416104316711426
2.593783378601074
2.603242874145508
2.5764963626861572
2.5425195693969727
2.5296707153320312
2.73340106010437
2.588959217071533
2.518266201019287
2.8142945766448975
2.414501667022705
2.5798165798187256
2.6503982543945312
2.6056504249572754
2.562493085861206
2.5109479427337646
2.6504967212677
2.5279228687286377
2.7014496326446533
2.576052188873291
2.5622057914733887
2.6088428497314453
2.7169742584228516
2.6614186763763428
2.6261796951293945
2.7859108448028564
2.6905133724212646
2.7020187377929688
2.733123302459717
2.476416826248169
2.74690580368042
2.3530571460723877
2.406826972961426
2.4967892169952393
2.723365545272827
2.4794278144836426
2.5233919620513916
2.6181278228759766
2.672799587249756
2.547245979309082
2.493838310241699
2.7247114181518555
2.3776447772979736
2.751436710357666
2.7124791145324707
2.480621814727783
2.535379648208618
2.5967373847961426
2.6052803993225098
2.691129684448242
2.614724636077881
2.8644020557403564
2.635650634765625
2.6181540489196777
2.781963586807251
2.465106725692749
2.4923055171966553
2.7380106449127197
2.558845043182373
2.595655679702759
2.562255382537842
2.636280059814453
2.697744607925415
2.6579418182373047
2.5897302627563477
2.567293167114258
2.6405601501464844
2.5991735458374023
2.5879504680633545
2.685856342315674
2.5999951362609863
2.6660890579223633
2.6164677143096924
2.7666211128234863
2.5763368606567383
2.5996556282043457
2.7083792686462402
2.6399216651916504
2.5924112796783447
2.501168727874756
2.7678980827331543
2.7331573963165283
2.644753932952881
2.5287678241729736
2.5786430835723877
2.5170066356658936
2.6021997928619385
2.435927629470825
2.562385082244873
2.6693365573883057
2.457075834274292
2.602053165435791
2.4219095706939697
2.5544803142547607
2.7821574211120605
2.4940831661224365
2.5265512466430664
2.5989503860473633
2.716701030731201
2.4995880126953125
2.480966567993164
2.6193673610687256
2.552698850631714
2.4982123374938965
2.8482959270477295
2.5740561485290527
2.7059266567230225
2.5445022583007812
2.484086036682129
2.5746238231658936
2.614893674850464
2.675387144088745
2.5422911643981934
2.7582011222839355
2.47615647315979
2.572877883911133
2.5172483921051025
2.6481881141662598
2.62658429145813
2.4107515811920166
2.725761651992798
2.523179292678833
2.665593147277832
2.5816361904144287
2.7615444660186768
2.3870315551757812
2.4596965312957764
2.4871835708618164
2.4313769340515137
2.6297876834869385
2.5342156887054443
2.603848457336426
2.6280009746551514
2.529618740081787
2.7649025917053223
2.4462740421295166
2.704364061355591
2.5037968158721924
2.60414719581604
2.73801326751709
2.564025640487671
2.5131447315216064
2.4727888107299805
2.5863239765167236
2.366706132888794
2.885164499282837
2.5979325771331787
2.5563817024230957
2.4416675567626953
2.6336429119110107
2.5634942054748535
2.7356793880462646
2.5872650146484375
2.604489803314209
2.555687665939331
1.9336696863174438
1.9629979133605957
1.9537490606307983
2.1079015731811523
1.8731935024261475
2.195463180541992
2.325679302215576
2.6825175285339355
Epoch: 03 | Time: 45m 50s
	Train Loss: 2.624 | Train PPL:  13.785
	 Val. Loss: 2.129 |  Val. PPL:   8.410
2.545686721801758
2.3633153438568115
2.6294376850128174
2.479692220687866
2.359774112701416
2.391605854034424
2.440851926803589
2.274507522583008
2.546609401702881
2.3933489322662354
2.5425353050231934
2.446404218673706
2.419203281402588
2.4142038822174072
2.3222861289978027
2.5369725227355957
2.233940601348877
2.266230583190918
2.354593515396118
2.3608510494232178
2.315767288208008
2.2483253479003906
2.3239457607269287
2.364469289779663
2.514451742172241
2.387202262878418
2.231003522872925
2.337524175643921
2.385463237762451
2.3098273277282715
2.4402949810028076
2.359065532684326
2.3663227558135986
2.3750650882720947
2.305075168609619
2.1211376190185547
2.474515914916992
2.327627420425415
2.3852267265319824
2.239780902862549
2.6171813011169434
2.48089861869812
2.303403615951538
2.3828916549682617
2.3892900943756104
2.421344041824341
2.5130162239074707
2.447990894317627
2.4038100242614746
2.4509429931640625
2.370622396469116
2.1850662231445312
2.427424669265747
2.3337717056274414
2.324031114578247
2.3807590007781982
2.3783340454101562
2.487685203552246
2.2871570587158203
2.37868070602417
2.353245496749878
2.3772494792938232
2.4193625450134277
2.5264720916748047
2.495098829269409
2.4850246906280518
2.556873083114624
2.4790008068084717
2.5037107467651367
2.380796194076538
2.4203453063964844
2.4575726985931396
2.4312922954559326
2.373879909515381
2.38960862159729
2.534191608428955
2.295844793319702
2.421937942504883
2.6056394577026367
2.51975154876709
2.251591920852661
2.3676817417144775
2.4534401893615723
2.2619497776031494
2.3530397415161133
2.373793363571167
2.212207317352295
2.3538260459899902
2.3423705101013184
2.267923593521118
2.251835823059082
2.3083512783050537
2.4717817306518555
2.41719388961792
2.336054563522339
2.260632276535034
2.45054030418396
2.2790729999542236
2.6176891326904297
2.3563733100891113
2.485625743865967
2.5582380294799805
2.3208813667297363
2.4716956615448
2.2669565677642822
2.460685968399048
2.193894386291504
2.330665111541748
2.4208850860595703
2.4489004611968994
2.350275754928589
2.4301462173461914
2.305903673171997
2.217355728149414
2.351794958114624
2.3639004230499268
2.378021240234375
2.41664981842041
2.3615193367004395
2.405625343322754
2.385995626449585
2.4944217205047607
2.3564810752868652
2.316317081451416
2.5128018856048584
2.3358614444732666
2.351332902908325
2.3148410320281982
2.4589033126831055
2.3638393878936768
2.2575478553771973
2.2830519676208496
2.5204856395721436
2.505204916000366
2.3594908714294434
2.522132158279419
2.47119402885437
2.515292167663574
2.371061086654663
2.5229220390319824
2.493344306945801
2.4303231239318848
2.3251357078552246
2.583190441131592
2.4166858196258545
2.421522378921509
2.2305469512939453
2.492436647415161
2.3943753242492676
2.40195894241333
2.4716405868530273
2.3810646533966064
2.4366395473480225
2.3697519302368164
2.294060707092285
2.423307418823242
2.413877010345459
2.305300235748291
2.1553549766540527
2.395383834838867
2.317192554473877
2.370771646499634
2.1546273231506348
2.5245418548583984
2.4863736629486084
2.460658550262451
2.47125244140625
2.429213285446167
2.413703680038452
2.3033924102783203
2.3305060863494873
2.3407208919525146
2.424313545227051
2.3732645511627197
2.5598034858703613
2.288959503173828
2.3201591968536377
2.406684398651123
2.4606409072875977
2.4694230556488037
2.2725353240966797
2.354816436767578
2.3903653621673584
2.3273580074310303
2.4750359058380127
2.443635940551758
2.3548519611358643
2.404533624649048
2.5269298553466797
2.5336222648620605
2.088974714279175
2.4946401119232178
2.294732093811035
2.383737564086914
2.368886709213257
2.2299952507019043
2.2616801261901855
2.4121949672698975
2.41947078704834
2.63704514503479
2.537397623062134
2.373432159423828
2.3651301860809326
2.437523603439331
2.5452606678009033
2.4156060218811035
2.41756272315979
2.5382907390594482
2.21627140045166
2.4008030891418457
2.3843507766723633
2.1437621116638184
2.337618350982666
2.318408489227295
2.1518242359161377
2.3322181701660156
2.2422244548797607
2.24550199508667
2.2264742851257324
2.512258768081665
2.362034320831299
2.4733595848083496
2.344703197479248
2.378169298171997
2.342515230178833
2.409734010696411
2.340134382247925
1.7674936056137085
1.8210793733596802
1.812465786933899
1.9996565580368042
1.7372221946716309
2.07627272605896
2.196851968765259
2.5458333492279053
Epoch: 04 | Time: 43m 19s
	Train Loss: 2.388 | Train PPL:  10.892
	 Val. Loss: 1.995 |  Val. PPL:   7.349
2.2684009075164795
2.220299482345581
2.2914235591888428
2.1010682582855225
2.3584036827087402
2.267336130142212
2.1365272998809814
2.187819480895996
2.161480665206909
2.263615131378174
2.201056480407715
2.246511936187744
2.1325042247772217
2.2209994792938232
2.246260404586792
2.2429354190826416
2.3666841983795166
2.290756940841675
2.3253262042999268
2.1399307250976562
2.260603904724121
2.3801398277282715
2.2183899879455566
2.1213135719299316
2.400632381439209
2.1304948329925537
2.2777185440063477
2.33658504486084
2.0990259647369385
2.12548828125
2.254772186279297
2.4540882110595703
2.04257869720459
2.3004603385925293
2.515944719314575
2.1197869777679443
2.083165168762207
2.281845808029175
2.337066888809204
1.9994491338729858
2.150373697280884
2.3425445556640625
2.127593994140625
2.2422409057617188
2.244558095932007
2.1926350593566895
2.1895716190338135
2.2663159370422363
2.259003162384033
2.209217071533203
2.193201780319214
2.126600980758667
2.0797908306121826
2.283977508544922
2.168076276779175
2.24761700630188
2.3581392765045166
2.303652286529541
2.223083734512329
2.3194448947906494
2.2018940448760986
2.3408071994781494
2.206444263458252
2.1976423263549805
2.3115897178649902
2.2563536167144775
2.2337353229522705
2.2952399253845215
2.1445581912994385
2.110811233520508
2.220836639404297
2.3343634605407715
2.2546920776367188
2.189835548400879
2.1601269245147705
2.1281025409698486
2.389007568359375
2.1572227478027344
2.08170485496521
2.2986090183258057
2.410914182662964
2.215660572052002
2.236283540725708
2.208935022354126
2.1852540969848633
2.161129951477051
2.3001785278320312
2.30297589302063
2.2502188682556152
2.0456035137176514
2.209192991256714
2.2157387733459473
2.2379579544067383
2.094905376434326
2.200392007827759
2.2257444858551025
2.3307831287384033
2.205004930496216
2.1073620319366455
1.952681541442871
2.090684413909912
2.2881484031677246
2.323296070098877
2.1647281646728516
2.2544779777526855
2.2223052978515625
2.180971384048462
2.262930393218994
2.089449405670166
2.125166893005371
2.320668935775757
2.4224956035614014
2.1006641387939453
2.1615259647369385
2.2003395557403564
2.312638759613037
2.2843587398529053
2.2024097442626953
2.3113951683044434
2.1362810134887695
2.2557179927825928
2.323312520980835
2.3450138568878174
2.4451680183410645
2.3004977703094482
2.5869617462158203
2.4609320163726807
2.0811917781829834
2.1325418949127197
2.2615110874176025
2.216374158859253
2.363295316696167
2.329094886779785
2.3465991020202637
2.1680665016174316
2.1798901557922363
2.032479763031006
2.2877283096313477
2.099658489227295
1.8889999389648438
2.2961208820343018
2.4016261100769043
2.0204248428344727
2.303309202194214
2.1904561519622803
2.2041046619415283
2.213446855545044
2.304755687713623
2.1571056842803955
2.309171438217163
2.224360704421997
2.2547051906585693
2.123143434524536
2.108762502670288
2.1322906017303467
2.202209949493408
2.266759157180786
2.300549268722534
2.311607837677002
2.3071329593658447
2.284219264984131
2.1664810180664062
2.2529163360595703
2.121587038040161
2.252910852432251
2.3188369274139404
2.0883257389068604
2.2269222736358643
2.122774839401245
2.2970986366271973
2.223301887512207
2.23146390914917
2.2396013736724854
2.1781792640686035
2.234619379043579
2.272129535675049
2.3169968128204346
2.3745200634002686
2.2976322174072266
2.2798056602478027
2.2016513347625732
2.0965611934661865
2.2035601139068604
2.2290170192718506
2.3636200428009033
2.0369410514831543
2.175356864929199
2.2730891704559326
2.2945127487182617
2.3436899185180664
2.3221218585968018
2.1964550018310547
1.999538779258728
2.28770112991333
2.2108681201934814
2.1996350288391113
2.374483585357666
2.223022222518921
2.3247694969177246
2.355417013168335
2.1926558017730713
2.3209574222564697
2.2200379371643066
2.364576816558838
2.161129951477051
2.156424045562744
2.19667649269104
2.2582662105560303
2.3276875019073486
2.2355849742889404
2.2871861457824707
2.268678903579712
2.243269681930542
2.249239683151245
2.2938015460968018
2.274278163909912
2.405712366104126
2.2717368602752686
2.1793627738952637
2.1910808086395264
2.3320655822753906
2.4428529739379883
2.185558557510376
2.1184942722320557
2.155076503753662
2.3382749557495117
2.2507944107055664
1.7522671222686768
1.7404555082321167
1.7411916255950928
1.9008194208145142
1.6669690608978271
1.9806349277496338
2.0852773189544678
2.459980010986328
Epoch: 05 | Time: 41m 28s
	Train Loss: 2.234 | Train PPL:   9.339
	 Val. Loss: 1.916 |  Val. PPL:   6.793
1.9789891242980957
2.094130754470825
2.088782787322998
1.9540252685546875
2.0182385444641113
2.2134416103363037
2.1391959190368652
2.121403932571411
2.215066432952881
2.224583148956299
2.1913199424743652
2.19094181060791
2.0699174404144287
1.9797286987304688
2.057687282562256
2.0204904079437256
2.0798399448394775
2.0167338848114014
2.0265138149261475
2.092304229736328
1.996863842010498
2.147704601287842
2.048715591430664
2.0306124687194824
2.149639368057251
2.1553406715393066
2.304572820663452
2.186716318130493
2.0194928646087646
2.070415496826172
2.1411778926849365
2.196969747543335
2.161512851715088
2.178873062133789
2.083832025527954
2.147442102432251
2.2107582092285156
2.0468125343322754
2.205167293548584
2.140601634979248
2.1611242294311523
2.1097118854522705
2.0298573970794678
2.214846134185791
1.9714438915252686
2.0650813579559326
2.1912577152252197
2.395463466644287
2.2435848712921143
1.9772309064865112
2.2295339107513428
2.081148624420166
2.066575288772583
2.1036856174468994
2.04314923286438
2.100576400756836
2.003080129623413
2.300853729248047
2.26560115814209
2.25555157661438
2.2291059494018555
2.0428197383880615
2.1280627250671387
2.20926833152771
2.0459089279174805
2.1921145915985107
2.0260562896728516
2.023855447769165
2.108315944671631
2.1176016330718994
2.336099147796631
2.1982600688934326
2.2126424312591553
1.9612400531768799
2.129695177078247
2.1163346767425537
1.9828821420669556
2.1167547702789307
2.075714588165283
2.4458396434783936
2.060091018676758
2.092557430267334
2.2037038803100586
2.113337516784668
1.9715560674667358
2.075483798980713
2.063555955886841
1.9644973278045654
2.186248540878296
2.3957114219665527
2.1518280506134033
2.1013660430908203
2.172138214111328
2.185883045196533
2.0299689769744873
2.2777631282806396
2.150089740753174
2.2488791942596436
2.1732161045074463
2.21242356300354
2.0319595336914062
2.1785199642181396
2.126917839050293
1.9146640300750732
2.1440608501434326
2.115072250366211
2.0679640769958496
2.1245644092559814
2.1766257286071777
2.144747257232666
1.914914608001709
2.1624436378479004
2.15134334564209
2.1870455741882324
2.0555105209350586
2.010457754135132
1.9899147748947144
1.9588121175765991
1.9555469751358032
2.0657153129577637
2.1383941173553467
2.1611642837524414
2.254542827606201
2.0776050090789795
2.021422863006592
2.083988904953003
2.127903461456299
2.087735414505005
1.939494252204895
2.2255091667175293
2.120256185531616
2.156280517578125
2.0942537784576416
2.123366594314575
2.0514845848083496
2.1787261962890625
2.0404930114746094
2.1215360164642334
2.1955878734588623
2.208787202835083
2.043638229370117
2.2758522033691406
2.17352557182312
2.2141032218933105
2.2457685470581055
2.2114574909210205
2.197150945663452
2.0717928409576416
2.0533814430236816
2.0043423175811768
2.0556700229644775
2.158522605895996
2.084812641143799
2.298302412033081
2.2015631198883057
2.375577449798584
2.0285351276397705
2.1374988555908203
2.0430564880371094
2.1704626083374023
2.085951328277588
1.8422142267227173
2.1773157119750977
2.3201141357421875
2.127493143081665
2.357576370239258
2.1918997764587402
2.089280366897583
1.967711329460144
2.129287004470825
2.1989963054656982
2.0474910736083984
2.1291162967681885
2.228746175765991
1.9939953088760376
2.151902198791504
2.0200064182281494
2.2913594245910645
2.2639594078063965
2.1709330081939697
2.072556972503662
2.1581032276153564
1.9381678104400635
2.134943723678589
2.0232434272766113
2.070634365081787
2.1103146076202393
2.2230355739593506
1.9925785064697266
2.045954942703247
2.2229344844818115
2.0396201610565186
2.235058069229126
2.0913848876953125
2.136791944503784
2.197500467300415
2.120330572128296
2.2180702686309814
2.2238242626190186
2.1244871616363525
2.1399612426757812
2.0896542072296143
2.21733021736145
1.9598488807678223
2.1720261573791504
1.9654998779296875
2.149758815765381
2.018321990966797
2.0748016834259033
2.2561140060424805
2.057229995727539
1.9995663166046143
2.120131492614746
2.2512779235839844
2.1425693035125732
1.9015525579452515
2.0359201431274414
2.0413918495178223
2.0625016689300537
2.046625852584839
2.198727607727051
1.9611129760742188
2.1028523445129395
2.142364740371704
2.1092641353607178
2.2410380840301514
2.1280972957611084
1.6820958852767944
1.6844923496246338
1.6932249069213867
1.8548873662948608
1.628014326095581
1.94407057762146
2.0493791103363037
2.413968324661255
Epoch: 06 | Time: 43m 41s
	Train Loss: 2.121 | Train PPL:   8.338
	 Val. Loss: 1.869 |  Val. PPL:   6.480
1.9974337816238403
2.0282509326934814
1.98824942111969
2.0372157096862793
2.0855393409729004
1.9311994314193726
1.9055460691452026
2.0464072227478027
2.052536725997925
1.986167073249817
2.0463035106658936
2.029522180557251
1.9838528633117676
1.9741806983947754
2.0232832431793213
1.9371057748794556
2.0721287727355957
2.2005200386047363
1.8695193529129028
1.9612960815429688
1.9858406782150269
2.0364415645599365
1.9196534156799316
1.8884614706039429
2.062812328338623
2.0454390048980713
1.9013170003890991
2.042581081390381
2.0086164474487305
1.9176294803619385
1.8235136270523071
2.036853313446045
1.9715086221694946
1.935428261756897
1.9160256385803223
2.020678997039795
1.9057073593139648
2.0691075325012207
1.9959388971328735
1.9181572198867798
1.8718479871749878
1.892446756362915
2.0961837768554688
1.9985867738723755
2.1378250122070312
2.0592408180236816
2.0620226860046387
2.1766045093536377
1.9765487909317017
1.8410708904266357
1.8853780031204224
1.9946720600128174
2.1686205863952637
1.9453125
1.917788028717041
1.9056146144866943
2.244957685470581
2.077924966812134
2.069180727005005
2.0427682399749756
2.0579171180725098
1.9995149374008179
2.044738531112671
1.9756044149398804
2.0155842304229736
1.9558638334274292
2.2052001953125
1.9194021224975586
1.8555017709732056
2.1971027851104736
1.9832509756088257
2.040282726287842
2.217733860015869
1.8750782012939453
2.038447141647339
2.099989414215088
2.183048725128174
2.047264814376831
2.085608720779419
2.0408031940460205
2.0684032440185547
2.1080422401428223
1.9809578657150269
2.059757947921753
2.0643928050994873
2.1169183254241943
1.9597176313400269
1.887742519378662
1.9790159463882446
2.1036536693573
2.0271670818328857
2.0956881046295166
2.0688629150390625
2.119777202606201
2.206267833709717
2.0729830265045166
2.1325156688690186
2.132465124130249
1.94395911693573
1.9430508613586426
2.119079113006592
1.9867446422576904
2.072010040283203
1.9233083724975586
1.9944449663162231
2.0598020553588867
2.0617716312408447
2.048658609390259
1.9719774723052979
1.9987082481384277
2.1133925914764404
1.9494273662567139
2.1299941539764404
1.8914517164230347
1.9900518655776978
2.014974355697632
1.9207539558410645
2.07124662399292
1.898850440979004
1.99721360206604
2.1201987266540527
2.0275380611419678
2.0228962898254395
1.9819939136505127
1.9148905277252197
2.105893135070801
1.9995931386947632
2.1315977573394775
1.9623559713363647
2.2289910316467285
2.094882011413574
1.990413784980774
2.0470666885375977
1.9625322818756104
2.1167638301849365
1.8793144226074219
2.183971405029297
2.2540411949157715
2.0036919116973877
1.9976022243499756
2.182615041732788
2.0844554901123047
2.018482208251953
2.261549472808838
2.117321729660034
1.9782345294952393
2.0140676498413086
2.1065664291381836
1.8908461332321167
2.2524263858795166
1.9813868999481201
1.9731098413467407
1.8684254884719849
1.9949355125427246
1.8895320892333984
1.9924981594085693
2.077463388442993
2.0975987911224365
2.198125123977661
1.934005618095398
2.0183353424072266
2.1792919635772705
2.107401132583618
1.9467475414276123
2.168881893157959
2.091906785964966
2.2084712982177734
1.9262551069259644
1.9575732946395874
2.0798592567443848
2.0965538024902344
2.0278308391571045
1.9836534261703491
2.187769651412964
1.8591725826263428
2.1689279079437256
1.9020724296569824
2.090665340423584
2.0985560417175293
2.0349068641662598
2.0993740558624268
2.1245741844177246
2.2505197525024414
1.9586104154586792
1.968705415725708
2.1267597675323486
1.9910883903503418
2.0593483448028564
2.0813584327697754
2.0061285495758057
2.2959063053131104
2.164018154144287
2.1240124702453613
2.199420928955078
2.136636972427368
2.02074933052063
1.9737765789031982
2.029038429260254
2.1696038246154785
2.0838851928710938
1.997680425643921
1.9215528964996338
2.0688016414642334
2.0236315727233887
1.8320540189743042
2.160079002380371
2.0585925579071045
2.1373705863952637
1.9383829832077026
2.038238525390625
2.118121385574341
1.9944895505905151
1.928963303565979
1.9591375589370728
2.0071804523468018
2.154855728149414
2.0431509017944336
1.9401415586471558
1.9691345691680908
2.027641773223877
2.0920979976654053
2.0004990100860596
1.8943032026290894
2.063048839569092
2.0837318897247314
2.1571152210235596
2.1168081760406494
1.6348474025726318
1.6467496156692505
1.6310957670211792
1.8155251741409302
1.5757803916931152
1.9032093286514282
1.975777506828308
2.3492424488067627
Epoch: 07 | Time: 42m 13s
	Train Loss: 2.034 | Train PPL:   7.644
	 Val. Loss: 1.817 |  Val. PPL:   6.150
1.8732330799102783
2.034611701965332
1.9357962608337402
1.9288979768753052
1.8289616107940674
2.0307064056396484
1.9897171258926392
2.058230400085449
1.9681289196014404
1.9838662147521973
1.8568897247314453
2.0036237239837646
1.8971277475357056
1.9364951848983765
1.8953180313110352
1.9584087133407593
2.0181829929351807
1.9395729303359985
1.7978323698043823
1.821256399154663
1.9575951099395752
1.9243427515029907
1.81150484085083
1.8876348733901978
1.867673635482788
1.8229777812957764
1.822872519493103
1.903937578201294
1.8509682416915894
1.9560965299606323
1.9235631227493286
2.0009572505950928
1.8661202192306519
1.8332576751708984
2.150834321975708
1.9291874170303345
1.8629575967788696
1.8547033071517944
2.0045101642608643
1.9308499097824097
1.873987078666687
1.935832142829895
2.02191424369812
1.9737309217453003
1.9307621717453003
2.0327234268188477
1.9690488576889038
1.7905409336090088
2.0014405250549316
2.058565139770508
1.8716967105865479
2.0261406898498535
1.9004300832748413
1.938848853111267
1.846160650253296
2.0398316383361816
1.9728730916976929
1.8933483362197876
1.9622340202331543
2.013906240463257
1.8833591938018799
1.8889060020446777
2.1406726837158203
1.9104301929473877
1.941259741783142
1.973589301109314
1.8780717849731445
1.937842845916748
1.8526490926742554
1.8346456289291382
1.882792592048645
1.879845380783081
1.9710479974746704
1.8455774784088135
2.0430126190185547
1.985785722732544
1.8080743551254272
1.9037946462631226
2.04858136177063
1.9310739040374756
2.003572702407837
1.956344485282898
1.9357805252075195
2.0026705265045166
2.1425421237945557
1.8824868202209473
1.908839464187622
2.040572166442871
1.9600034952163696
1.907045841217041
2.0909128189086914
1.95626962184906
1.6890060901641846
2.0413172245025635
1.9168634414672852
2.065650701522827
1.8065274953842163
1.9635717868804932
2.111720085144043
2.0786843299865723
1.9614752531051636
1.96188485622406
1.9808286428451538
1.9351882934570312
1.976349949836731
2.046701431274414
2.0838141441345215
1.8801149129867554
1.9519468545913696
1.8948657512664795
2.023834466934204
2.1168570518493652
1.8342293500900269
2.1431362628936768
2.0163331031799316
2.076768398284912
2.007632255554199
1.8774900436401367
1.887130856513977
1.997211217880249
1.802638053894043
2.1027936935424805
2.00665545463562
1.9749512672424316
2.0908923149108887
2.0945346355438232
1.838728904724121
1.836922287940979
1.9212090969085693
1.9895936250686646
1.8877556324005127
1.925001859664917
1.8621450662612915
1.9670872688293457
1.9943923950195312
1.9301379919052124
2.044509172439575
1.700541377067566
2.05012583732605
1.9995311498641968
1.8256417512893677
2.005606174468994
1.9507536888122559
2.1322813034057617
2.0805904865264893
1.9479252099990845
2.1463396549224854
1.9727592468261719
2.190018892288208
2.068782091140747
2.0433690547943115
1.9549564123153687
2.124692440032959
2.0650784969329834
2.070464611053467
1.9116928577423096
1.7999614477157593
1.9633760452270508
1.806567668914795
1.9321019649505615
1.8696256875991821
1.9472888708114624
2.0931129455566406
1.897112250328064
2.0171053409576416
2.065833330154419
2.2208330631256104
2.1346845626831055
1.9656728506088257
1.9419459104537964
1.8609553575515747
1.8893572092056274
2.01426100730896
2.072521924972534
1.9598243236541748
1.8610504865646362
2.01226806640625
1.9691336154937744
2.0136990547180176
2.0755679607391357
1.9810495376586914
1.9924871921539307
2.107600450515747
2.1219563484191895
1.7886873483657837
2.031087636947632
1.923012137413025
2.033508777618408
1.8936265707015991
2.0348358154296875
1.9800400733947754
2.110980272293091
1.9244142770767212
2.1305136680603027
1.9388593435287476
1.8341093063354492
1.8272250890731812
1.883504867553711
1.9258533716201782
1.9462898969650269
2.0632824897766113
2.046144723892212
1.9877862930297852
2.0473175048828125
1.9892776012420654
1.8354774713516235
1.8955926895141602
2.055518865585327
1.9818439483642578
2.0521092414855957
1.8117555379867554
2.201075315475464
2.0596606731414795
1.9838896989822388
1.9861830472946167
2.1084866523742676
1.9851067066192627
1.8513797521591187
1.9588297605514526
1.9700255393981934
2.067244529724121
2.0879499912261963
2.1009106636047363
1.9430426359176636
1.9319913387298584
2.0889453887939453
1.9256809949874878
1.6081299781799316
1.6416819095611572
1.6472172737121582
1.7795698642730713
1.541371464729309
1.859214186668396
1.9729653596878052
2.2996041774749756
Epoch: 08 | Time: 41m 34s
	Train Loss: 1.965 | Train PPL:   7.132
	 Val. Loss: 1.794 |  Val. PPL:   6.012
1.866391897201538
1.9599969387054443
1.871683120727539
1.8385871648788452
1.8110246658325195
1.9179266691207886
2.004880666732788
1.8373149633407593
1.9279643297195435
1.8414772748947144
1.9915882349014282
1.5850404500961304
1.8658809661865234
1.677984595298767
1.8906499147415161
1.8753831386566162
1.8695175647735596
1.79031240940094
1.8868950605392456
2.0214719772338867
1.9531409740447998
1.7616511583328247
1.8435057401657104
1.7529226541519165
1.7820076942443848
1.861992597579956
1.8026700019836426
1.7719011306762695
1.8454216718673706
1.708526372909546
1.971138834953308
1.9537806510925293
2.076747417449951
1.7990479469299316
1.9062371253967285
2.0069515705108643
2.0253429412841797
2.0130674839019775
1.988731026649475
1.8367539644241333
1.9659514427185059
1.9894940853118896
1.7835493087768555
1.8979876041412354
1.8723728656768799
1.7701174020767212
1.8260562419891357
1.8595702648162842
1.8050825595855713
1.8680896759033203
1.795289397239685
1.8932545185089111
1.8131953477859497
1.970803141593933
2.122790813446045
1.873924970626831
1.762107014656067
1.8794645071029663
1.878481388092041
1.9432504177093506
1.8839784860610962
2.0033507347106934
2.015336275100708
1.699359655380249
2.0588982105255127
2.0895442962646484
1.8074142932891846
1.9468967914581299
1.6899023056030273
1.9591422080993652
1.8109290599822998
1.8735359907150269
1.9553568363189697
1.8485339879989624
1.869489073753357
1.8443070650100708
1.9286730289459229
2.0686519145965576
1.9039064645767212
1.9044950008392334
1.9715503454208374
1.8481178283691406
1.8970227241516113
1.9097847938537598
1.8649362325668335
2.0325491428375244
1.7835545539855957
1.7176923751831055
1.8297444581985474
1.8350858688354492
1.9077084064483643
1.9168845415115356
2.018465042114258
1.908933162689209
1.9952753782272339
1.917076587677002
1.8569607734680176
1.9082800149917603
1.9703543186187744
1.9710795879364014
2.0072827339172363
1.9800388813018799
1.773364543914795
1.8016911745071411
1.9636121988296509
2.011631965637207
1.9626411199569702
1.9898011684417725
2.0046708583831787
2.0757343769073486
1.6813935041427612
2.077235460281372
1.9577968120574951
1.8540339469909668
1.8358575105667114
1.9560110569000244
2.101707696914673
1.9046958684921265
1.9655152559280396
1.9688721895217896
1.8844032287597656
2.033403158187866
1.9617244005203247
1.8374437093734741
1.8582897186279297
1.876792311668396
2.136320114135742
1.8741306066513062
1.8975542783737183
1.8672196865081787
1.95863938331604
1.9592766761779785
1.9121346473693848
1.8520994186401367
1.7346484661102295
1.8576252460479736
1.9485647678375244
1.750840663909912
1.8077315092086792
1.933371663093567
1.9257240295410156
1.821290373802185
1.9037855863571167
1.9967681169509888
1.9247653484344482
2.035872459411621
1.8181027173995972
1.848792552947998
1.9618207216262817
1.8973138332366943
1.887258529663086
1.9594677686691284
1.9142142534255981
1.8805514574050903
1.8556923866271973
1.971567153930664
1.9115982055664062
2.0279691219329834
1.8499547243118286
1.8306753635406494
1.7116918563842773
1.991212248802185
2.0533945560455322
1.8593460321426392
1.8454279899597168
1.7623038291931152
1.9275976419448853
1.8930575847625732
1.9694108963012695
1.8474475145339966
1.8270353078842163
1.9902161359786987
1.8095725774765015
1.7868727445602417
1.9409353733062744
1.8615134954452515
1.809450626373291
1.8902381658554077
2.07376766204834
2.0804522037506104
2.0385096073150635
1.87232506275177
2.038250684738159
2.1729400157928467
1.8959975242614746
1.9395564794540405
1.8680181503295898
1.7651420831680298
1.911421298980713
1.8508164882659912
1.7829645872116089
2.0010929107666016
1.9515973329544067
1.8757661581039429
1.801456093788147
1.9641520977020264
1.915827751159668
1.9346094131469727
1.8688346147537231
2.0807785987854004
1.7787811756134033
1.8529919385910034
1.756855845451355
1.9817496538162231
2.1148273944854736
2.007805824279785
1.8033363819122314
1.9707273244857788
2.0176825523376465
1.9858886003494263
2.02252197265625
1.8436793088912964
1.7342429161071777
1.9684149026870728
1.8979918956756592
1.9445782899856567
1.8347455263137817
1.9682449102401733
1.762857437133789
1.9288150072097778
1.8609445095062256
2.0200154781341553
1.960433006286621
1.910703182220459
2.060009479522705
1.9412667751312256
1.8638334274291992
1.5656465291976929
1.6074384450912476
1.5883508920669556
1.790976881980896
1.5371955633163452
1.8372156620025635
1.9321764707565308
2.286226511001587
Epoch: 09 | Time: 42m 5s
	Train Loss: 1.903 | Train PPL:   6.709
	 Val. Loss: 1.768 |  Val. PPL:   5.860
1.8635425567626953
1.826847791671753
1.8786691427230835
1.8235021829605103
1.7879689931869507
1.828698754310608
1.789987564086914
1.8356342315673828
2.0260303020477295
1.9134763479232788
1.823074460029602
1.7547216415405273
1.6760869026184082
1.8104214668273926
1.8719924688339233
1.7638624906539917
1.880537748336792
1.814119577407837
1.8887909650802612
1.986916184425354
1.7063502073287964
1.8326690196990967
1.7795737981796265
1.6799994707107544
1.6627309322357178
1.8365495204925537
1.7642287015914917
1.8578565120697021
1.87989342212677
1.7559701204299927
1.7965196371078491
1.6729819774627686
1.8314862251281738
1.856399416923523
1.7333166599273682
1.9770170450210571
1.764269471168518
1.8121702671051025
1.7930716276168823
1.8211846351623535
1.9632134437561035
1.7442448139190674
1.7079205513000488
1.7278116941452026
1.9274028539657593
1.9229185581207275
1.7378991842269897
1.7709965705871582
1.736615777015686
1.7720553874969482
1.8856289386749268
1.8073450326919556
1.891777515411377
1.8425747156143188
1.9126569032669067
1.9430251121520996
1.7858788967132568
1.86721670627594
1.8622807264328003
1.8665671348571777
1.9366447925567627
1.9389396905899048
1.8045244216918945
1.726513147354126
1.9392460584640503
1.7118098735809326
2.0225586891174316
1.837933897972107
1.8846790790557861
1.9407947063446045
1.7115225791931152
1.7530940771102905
1.8487181663513184
1.938886284828186
2.0373032093048096
1.8716627359390259
1.771977186203003
1.86896812915802
1.817452311515808
1.739280343055725
1.8261414766311646
1.667069911956787
1.7574821710586548
1.7610995769500732
1.9913971424102783
1.6533114910125732
1.7089520692825317
1.861520528793335
1.8189843893051147
1.8652392625808716
1.802590250968933
1.8585883378982544
1.773306965827942
1.7602102756500244
1.8189713954925537
1.7754275798797607
1.8078134059906006
1.8114937543869019
1.9748049974441528
1.8347358703613281
1.9164118766784668
1.7931642532348633
1.7994210720062256
1.9907437562942505
1.80356764793396
1.6568467617034912
1.9009019136428833
1.8974151611328125
1.8226083517074585
1.7853217124938965
1.6663707494735718
1.9089380502700806
1.8521908521652222
1.73037588596344
1.8151323795318604
1.909231424331665
1.901371955871582
1.874617576599121
1.7936155796051025
1.848357081413269
1.7438077926635742
1.783027172088623
1.8383609056472778
1.8567277193069458
1.824033260345459
1.7963128089904785
1.762641429901123
1.7867166996002197
1.866761326789856
1.8648431301116943
1.9092721939086914
1.8601362705230713
1.880569338798523
1.9663519859313965
1.8376737833023071
2.033478021621704
1.8517696857452393
1.9620541334152222
1.7336515188217163
2.0361545085906982
1.907293677330017
2.0086209774017334
1.731764316558838
1.8760185241699219
1.8923699855804443
1.8688637018203735
1.9556583166122437
1.8766531944274902
1.8374943733215332
1.8279529809951782
2.001530885696411
1.755062460899353
1.7219574451446533
1.6529000997543335
1.8707327842712402
1.8309857845306396
1.8760138750076294
1.8470340967178345
1.8821660280227661
1.8638739585876465
1.9992728233337402
1.8658998012542725
1.8504725694656372
1.9529175758361816
1.9463011026382446
1.9995970726013184
1.7452118396759033
1.8211658000946045
2.044351816177368
1.8298537731170654
1.8575873374938965
1.7959989309310913
1.8379939794540405
1.7880196571350098
1.8888205289840698
1.8542367219924927
1.6653567552566528
1.9290271997451782
1.9698013067245483
1.8018553256988525
1.736657977104187
1.8767844438552856
1.9384715557098389
1.785771131515503
1.8778795003890991
1.9562416076660156
1.8635387420654297
2.0323057174682617
1.8171306848526
1.8744829893112183
1.942874550819397
1.8949419260025024
1.876543402671814
1.855709433555603
1.9315201044082642
1.9151771068572998
2.060771942138672
1.8300048112869263
1.9860886335372925
2.0156805515289307
1.9869571924209595
1.8273390531539917
1.942179799079895
1.9720176458358765
1.8030356168746948
2.0161514282226562
1.7660988569259644
1.9543659687042236
1.8633633852005005
1.914856195449829
1.8047358989715576
1.892289638519287
1.868088960647583
1.8909084796905518
1.7927238941192627
2.0284388065338135
1.8240975141525269
1.9500055313110352
2.043077230453491
1.915898084640503
1.9268572330474854
1.9167022705078125
1.9438294172286987
1.9612029790878296
1.9135850667953491
1.8347593545913696
1.703305721282959
1.5030301809310913
1.5941723585128784
1.5628241300582886
1.7370656728744507
1.5297551155090332
1.829217553138733
1.919195294380188
2.2657201290130615
Epoch: 10 | Time: 41m 51s
	Train Loss: 1.851 | Train PPL:   6.369
	 Val. Loss: 1.743 |  Val. PPL:   5.712
1.6920467615127563
1.6781235933303833
1.797613501548767
1.7956516742706299
1.800997018814087
1.889307975769043
2.0040345191955566
1.662198781967163
1.8060431480407715
1.5666264295578003
1.7598763704299927
1.7592716217041016
1.748232364654541
1.6792422533035278
1.7364453077316284
1.6498427391052246
1.66600501537323
1.8783881664276123
1.7107797861099243
1.752400279045105
1.8294012546539307
1.7287975549697876
1.8706724643707275
1.749636173248291
1.6402539014816284
1.844996452331543
1.7881468534469604
1.8705095052719116
1.7625230550765991
1.888908863067627
1.7625784873962402
1.6022465229034424
1.665460228919983
1.6772595643997192
1.7090851068496704
1.65447998046875
1.7326207160949707
1.8360272645950317
1.7850797176361084
1.7971782684326172
1.7818282842636108
1.9161134958267212
1.9560970067977905
1.7086166143417358
1.848480224609375
1.7352511882781982
1.7457163333892822
1.6666032075881958
1.9458246231079102
1.8480397462844849
1.776517629623413
1.788596272468567
1.7481276988983154
1.7138152122497559
1.7709044218063354
1.8261337280273438
1.6859526634216309
1.7772400379180908
1.7534054517745972
1.6980749368667603
1.768254280090332
1.6368812322616577
1.9672678709030151
1.9411195516586304
1.8654757738113403
1.695494532585144
1.842574954032898
1.9205971956253052
1.8416942358016968
1.7360137701034546
1.818461298942566
1.799651026725769
1.7401200532913208
1.7601962089538574
1.7736247777938843
1.7825981378555298
1.8241851329803467
1.9065732955932617
2.0103602409362793
1.9079947471618652
1.8522382974624634
1.7371468544006348
1.8981624841690063
1.759919285774231
1.6949652433395386
1.7731988430023193
1.8835240602493286
1.708479404449463
1.874196171760559
1.8066363334655762
1.8685041666030884
1.6687785387039185
1.8299683332443237
1.7843401432037354
1.6075427532196045
1.7622836828231812
1.8678700923919678
1.804176688194275
2.018085241317749
1.7233772277832031
1.877830982208252
1.8956042528152466
1.8192262649536133
1.6924935579299927
1.8259155750274658
1.8971543312072754
1.8896154165267944
1.8070420026779175
1.832364559173584
1.7336403131484985
1.8410412073135376
1.7286523580551147
1.7005858421325684
1.7649215459823608
1.8586574792861938
1.8406296968460083
1.6906691789627075
1.8161261081695557
1.566045880317688
1.9040402173995972
1.9425902366638184
1.838029384613037
1.671654462814331
1.8778246641159058
1.845245122909546
1.8188111782073975
1.7229348421096802
1.811317801475525
1.8119388818740845
1.7636644840240479
1.9229838848114014
1.866713523864746
1.935878038406372
1.9141978025436401
1.8376357555389404
1.878304123878479
1.8153624534606934
1.7691659927368164
1.859105110168457
1.7795861959457397
1.827572226524353
1.950379490852356
1.8559646606445312
1.868775486946106
1.7646676301956177
1.8453047275543213
1.7996255159378052
1.9758632183074951
1.7627516984939575
1.741006851196289
1.7709038257598877
1.8521119356155396
1.7176045179367065
1.8311078548431396
1.8311586380004883
1.6501483917236328
1.670754075050354
1.7305752038955688
2.0271546840667725
1.7053872346878052
1.7569835186004639
1.9363545179367065
1.9009897708892822
1.9240732192993164
1.949928879737854
1.795041561126709
1.9621461629867554
1.738974690437317
2.0165746212005615
1.8939977884292603
1.8972355127334595
1.958074927330017
1.8475191593170166
1.861267328262329
1.680990219116211
1.8407319784164429
1.8321181535720825
1.7321704626083374
1.6843444108963013
1.6770840883255005
1.7585209608078003
1.9294270277023315
1.8320387601852417
1.9125803709030151
1.9065405130386353
1.9158878326416016
1.9333456754684448
1.9090888500213623
1.8110668659210205
1.9931676387786865
1.9262135028839111
1.8530008792877197
1.8663051128387451
1.7117711305618286
1.7712713479995728
1.8054225444793701
1.8974350690841675
1.824987530708313
1.967061161994934
2.0042195320129395
1.8619167804718018
1.657004714012146
1.820975422859192
1.8366907835006714
1.9641854763031006
1.8307894468307495
1.8842988014221191
1.884743571281433
1.8183941841125488
1.8008341789245605
2.039588451385498
1.7952238321304321
1.6749598979949951
1.7820035219192505
1.7131237983703613
1.6816073656082153
1.9214937686920166
1.809101939201355
1.787442922592163
1.7641195058822632
1.8756331205368042
1.9631372690200806
1.7488945722579956
1.8664442300796509
1.7194417715072632
1.7943933010101318
1.820880651473999
1.4957340955734253
1.5588973760604858
1.5929135084152222
1.728484034538269
1.5351653099060059
1.8180723190307617
1.9073524475097656
2.2555301189422607
Epoch: 11 | Time: 43m 42s
	Train Loss: 1.810 | Train PPL:   6.107
	 Val. Loss: 1.737 |  Val. PPL:   5.678
1.5386353731155396
1.7226907014846802
1.6034843921661377
1.6792945861816406
1.8058273792266846
1.5848346948623657
1.6186387538909912
1.6035701036453247
1.6167147159576416
1.7922511100769043
1.7169123888015747
1.6893467903137207
1.669089436531067
1.631882667541504
1.8183012008666992
1.8306070566177368
1.669074296951294
1.69275963306427
1.7299377918243408
1.8600858449935913
1.653802752494812
1.6544283628463745
1.8011146783828735
1.7664531469345093
1.739391565322876
1.6378514766693115
1.7800096273422241
1.6961524486541748
1.7029814720153809
1.6830401420593262
1.545974612236023
1.698671579360962
1.8458585739135742
1.6838287115097046
1.9426851272583008
1.7664858102798462
1.663612723350525
1.72693932056427
1.6455204486846924
1.7125097513198853
1.5548795461654663
1.7005010843276978
1.7336125373840332
1.8123315572738647
1.733151912689209
1.8484162092208862
1.6284152269363403
1.7213729619979858
1.6268880367279053
1.5596013069152832
1.8334980010986328
1.6787551641464233
1.7072241306304932
1.7602821588516235
1.8995647430419922
1.8196179866790771
1.6855418682098389
1.6909615993499756
1.8980982303619385
1.7218973636627197
1.6637394428253174
1.84738028049469
1.9084991216659546
1.8037500381469727
1.8097550868988037
1.728671908378601
1.7987947463989258
1.6795159578323364
1.7001330852508545
1.701012372970581
1.802384853363037
1.954004168510437
1.6992226839065552
1.7486780881881714
1.8705288171768188
1.6573255062103271
1.6706079244613647
1.8048243522644043
1.8191180229187012
1.8130627870559692
1.6818031072616577
1.7873573303222656
1.88238525390625
1.7213956117630005
1.680367112159729
1.8800873756408691
1.790838360786438
1.6647462844848633
1.98004949092865
1.5992755889892578
1.9053221940994263
1.852905511856079
1.7492175102233887
1.7782745361328125
1.6901389360427856
1.744193434715271
1.8838542699813843
1.8202013969421387
1.6660535335540771
1.6557507514953613
1.716533899307251
1.8139209747314453
1.8009495735168457
1.8385156393051147
1.7237459421157837
1.6833463907241821
1.8342918157577515
1.7946468591690063
1.8267481327056885
1.721449375152588
1.6907485723495483
1.6609103679656982
1.7881875038146973
1.8733593225479126
1.6747387647628784
1.831275224685669
1.805594801902771
1.6778576374053955
1.5895830392837524
1.8700538873672485
1.8274292945861816
1.6694437265396118
1.9210939407348633
1.7749766111373901
1.653047800064087
1.8582009077072144
1.8092304468154907
1.7508587837219238
1.7766610383987427
2.0229897499084473
1.6959364414215088
1.853846549987793
1.9981238842010498
1.8587723970413208
1.851148247718811
1.8841127157211304
1.7304408550262451
1.5914031267166138
1.8504528999328613
1.8547698259353638
1.7692666053771973
1.806594967842102
1.844653606414795
1.7924087047576904
1.6779581308364868
1.7714221477508545
1.87857186794281
1.8125241994857788
1.8432070016860962
1.920453429222107
1.9342583417892456
1.7945101261138916
1.701471209526062
1.8306323289871216
1.7848604917526245
1.7914329767227173
1.901829481124878
1.723923921585083
1.8708410263061523
1.6717509031295776
1.7511519193649292
1.7452783584594727
1.8312233686447144
1.7252287864685059
1.7653411626815796
1.6329247951507568
1.8569852113723755
1.787235140800476
1.5037827491760254
1.7761980295181274
1.7643003463745117
1.7336809635162354
1.8191057443618774
1.7591756582260132
1.8958641290664673
1.976767659187317
1.5666722059249878
1.730517864227295
1.761526346206665
1.854773759841919
1.7041289806365967
1.9574264287948608
1.8612691164016724
1.7427709102630615
1.6817113161087036
1.7461445331573486
1.7851930856704712
1.7812501192092896
1.9428355693817139
1.8146772384643555
1.6183167695999146
1.7220717668533325
1.9283456802368164
1.8012852668762207
1.911623477935791
1.9490315914154053
1.7233412265777588
1.9431161880493164
1.8106579780578613
1.7756725549697876
1.8153568506240845
1.8012290000915527
1.7887142896652222
1.6790283918380737
1.7947241067886353
1.7474274635314941
1.677749752998352
1.772837519645691
1.7645485401153564
1.770332932472229
1.821158528327942
1.686707615852356
1.816177487373352
2.00734281539917
1.7705963850021362
1.8338731527328491
1.824771761894226
1.9583154916763306
1.9040272235870361
1.7714362144470215
1.7298915386199951
1.786340594291687
1.9815605878829956
1.9410154819488525
1.7741672992706299
1.706768274307251
1.8537670373916626
1.4836739301681519
1.5183935165405273
1.5462037324905396
1.694635033607483
1.4887306690216064
1.7953966856002808
1.916184663772583
2.2608225345611572
Epoch: 12 | Time: 43m 47s
	Train Loss: 1.769 | Train PPL:   5.864
	 Val. Loss: 1.713 |  Val. PPL:   5.546
1.610427975654602
1.6542911529541016
1.7450041770935059
1.6243579387664795
1.8706635236740112
1.8357620239257812
1.6773425340652466
1.743375539779663
1.7558661699295044
1.6046992540359497
1.591208815574646
1.6237356662750244
1.7451249361038208
1.7996610403060913
1.681498408317566
1.7133733034133911
1.677116870880127
1.720922589302063
1.6791203022003174
1.6421751976013184
1.806823492050171
1.7836049795150757
1.7295281887054443
1.7263813018798828
1.6108226776123047
1.6428189277648926
1.69473135471344
1.7433710098266602
1.7399811744689941
1.6572808027267456
1.6206437349319458
1.685669183731079
1.813050627708435
1.874546766281128
1.6531703472137451
1.6523014307022095
1.6360028982162476
1.5908257961273193
1.6094410419464111
1.8063812255859375
1.7402665615081787
1.7168420553207397
1.6791623830795288
1.6386746168136597
1.8260421752929688
1.777182936668396
1.7560734748840332
1.6402713060379028
1.8722184896469116
1.7054498195648193
1.7974615097045898
1.7641525268554688
1.621444821357727
1.702310562133789
1.6346288919448853
1.6533390283584595
1.612406611442566
1.6684062480926514
1.5832552909851074
1.801311731338501
1.625754475593567
1.766234040260315
1.7654649019241333
1.7274667024612427
1.7363089323043823
1.7448389530181885
1.6141263246536255
1.5896042585372925
1.57908034324646
1.7258766889572144
1.7343944311141968
1.773587942123413
1.7989224195480347
1.8070359230041504
1.814721941947937
1.715634822845459
1.4963282346725464
1.7233176231384277
1.791716456413269
1.6516000032424927
1.5451390743255615
1.808729648590088
1.6686652898788452
1.8170627355575562
1.6854774951934814
1.7941046953201294
1.7095258235931396
1.6319650411605835
1.7332473993301392
1.6998790502548218
1.7670488357543945
1.8727929592132568
1.7432036399841309
1.8860270977020264
1.82060968875885
2.1047298908233643
1.760213851928711
1.75467050075531
1.729217529296875
1.6610394716262817
1.9418855905532837
1.6580126285552979
1.7214380502700806
1.5963395833969116
1.8207803964614868
1.5502569675445557
1.65719473361969
1.8034472465515137
1.7856478691101074
1.806815505027771
1.8411664962768555
1.6177200078964233
1.6505390405654907
1.6427711248397827
1.780734658241272
1.7278060913085938
1.9010308980941772
1.7502332925796509
1.8255490064620972
1.557166337966919
1.7475496530532837
1.7894554138183594
1.6576014757156372
1.7007852792739868
1.7016180753707886
1.8088082075119019
1.7644034624099731
1.801245927810669
1.7426912784576416
1.6732372045516968
1.7230180501937866
1.6940973997116089
1.7630733251571655
1.7905794382095337
1.7209875583648682
1.6564915180206299
1.733139991760254
1.5661094188690186
1.7360681295394897
1.7623283863067627
1.862166166305542
1.737987756729126
1.8288761377334595
1.8222575187683105
1.6913108825683594
1.7738837003707886
1.7332524061203003
1.8576679229736328
1.8535171747207642
1.7579121589660645
1.738581895828247
1.6947628259658813
1.8020071983337402
1.7587847709655762
1.8792026042938232
1.817291259765625
1.7863539457321167
1.6820999383926392
1.6888865232467651
1.7023468017578125
1.7089802026748657
1.7151310443878174
1.6840369701385498
1.8764958381652832
1.6622422933578491
1.726260781288147
1.723557949066162
1.772439956665039
1.773728847503662
1.8927325010299683
1.8177852630615234
1.7435661554336548
1.662173867225647
1.7386187314987183
1.5809911489486694
1.7455286979675293
1.703842282295227
1.9029121398925781
1.8059910535812378
1.8517529964447021
1.8669939041137695
1.726485013961792
1.814536690711975
1.699953317642212
1.7720611095428467
1.6469019651412964
1.8362970352172852
1.8250377178192139
1.8205453157424927
1.7013758420944214
1.6950204372406006
1.5377702713012695
1.8637940883636475
1.6399509906768799
1.7563374042510986
1.8360093832015991
1.7848403453826904
1.8701859712600708
1.8116662502288818
1.8868825435638428
1.6970460414886475
1.6228444576263428
1.7501169443130493
1.7991983890533447
1.7000107765197754
1.755353569984436
1.7711669206619263
1.7876460552215576
1.6824543476104736
1.8546886444091797
1.644451379776001
1.7770359516143799
1.783164620399475
1.7605128288269043
1.7083829641342163
1.6885745525360107
1.7111717462539673
1.876969337463379
1.7772657871246338
1.8548208475112915
1.8165063858032227
1.893692135810852
1.7942372560501099
1.7963594198226929
1.9228346347808838
1.8373990058898926
1.663818359375
1.435333490371704
1.5300294160842896
1.5304368734359741
1.6765083074569702
1.4978193044662476
1.8278632164001465
1.8630266189575195
2.2184324264526367
Epoch: 13 | Time: 44m 6s
	Train Loss: 1.738 | Train PPL:   5.685
	 Val. Loss: 1.697 |  Val. PPL:   5.460
1.6907408237457275
1.645185112953186
1.7160991430282593
1.7842682600021362
1.5559951066970825
1.537901520729065
1.717012643814087
1.7744951248168945
1.6985679864883423
1.590288758277893
1.8170318603515625
1.7103209495544434
1.7558631896972656
1.6650086641311646
1.6435778141021729
1.6106033325195312
1.6214770078659058
1.773115873336792
1.8034824132919312
1.7778211832046509
1.6712909936904907
1.7302491664886475
1.5611497163772583
1.4939132928848267
1.6647604703903198
1.6709604263305664
1.5719631910324097
1.683475375175476
1.6308283805847168
1.6543478965759277
1.628999948501587
1.780075192451477
1.5611112117767334
1.621683120727539
1.720408320426941
1.7187491655349731
1.6749892234802246
1.684181571006775
1.5832098722457886
1.7026233673095703
1.7088345289230347
1.6973155736923218
1.7006914615631104
1.7293074131011963
1.675709843635559
1.6341005563735962
1.78980553150177
1.629004716873169
1.4575015306472778
1.5701650381088257
1.6339746713638306
1.687156319618225
1.6607416868209839
1.6836769580841064
1.7825510501861572
1.6074354648590088
1.784743070602417
1.814013123512268
1.7351269721984863
1.6002591848373413
1.6573801040649414
1.8114274740219116
1.4665318727493286
1.800068974494934
1.619425654411316
1.6229254007339478
1.6209195852279663
1.639064073562622
1.8051915168762207
1.7382625341415405
1.6634665727615356
1.6303600072860718
1.7206900119781494
1.6283782720565796
1.6848108768463135
1.5668336153030396
1.6307240724563599
1.863447666168213
1.601021647453308
1.7139493227005005
1.6660704612731934
1.5800036191940308
1.637742042541504
1.6317788362503052
1.7023345232009888
1.826277732849121
1.6650710105895996
1.696730136871338
1.507846474647522
1.8732476234436035
1.5409984588623047
1.767484188079834
1.6349023580551147
1.8236333131790161
1.7193444967269897
1.7383519411087036
1.6696405410766602
1.7510452270507812
1.819272756576538
1.487820029258728
1.7581299543380737
1.5347851514816284
1.875778317451477
1.6701701879501343
1.6770732402801514
1.8037941455841064
1.6769083738327026
1.7353112697601318
1.7906413078308105
1.6215667724609375
1.5577126741409302
1.778733253479004
1.6590865850448608
1.8230239152908325
1.765992522239685
1.8373817205429077
1.7749828100204468
1.6881327629089355
1.679388403892517
1.743584394454956
1.722686529159546
1.6441313028335571
1.7484105825424194
1.6132287979125977
1.654554009437561
1.8017210960388184
1.619673490524292
1.6661465167999268
1.7511074542999268
1.6159592866897583
1.7060192823410034
1.7908910512924194
1.585679292678833
1.662878155708313
1.7600300312042236
1.727090835571289
1.6918936967849731
1.7484502792358398
1.6549484729766846
1.771902322769165
1.7101072072982788
1.8078479766845703
1.6237733364105225
1.724840760231018
1.5697590112686157
1.86894690990448
1.7138653993606567
1.646363615989685
1.712785243988037
1.8067768812179565
1.7420191764831543
1.5314702987670898
1.8396351337432861
1.8342427015304565
1.7715644836425781
1.7292256355285645
1.6264630556106567
1.8894046545028687
1.8594475984573364
1.7344552278518677
1.7497879266738892
1.5929749011993408
1.6426246166229248
1.7113596200942993
1.8144915103912354
1.6600794792175293
1.5706619024276733
1.8392448425292969
1.7437429428100586
1.5546590089797974
1.8822108507156372
1.7334095239639282
1.8179539442062378
1.7438353300094604
1.7813584804534912
1.754501223564148
1.777506709098816
1.7147421836853027
1.7186094522476196
1.607890009880066
1.6677392721176147
1.81056547164917
1.739638328552246
1.7027767896652222
1.895844578742981
1.9571388959884644
1.6875594854354858
1.703822374343872
1.9195897579193115
1.6469435691833496
1.8745094537734985
1.7685014009475708
1.698420763015747
1.6905758380889893
1.5804970264434814
1.8219925165176392
1.8395544290542603
1.692199468612671
1.8470042943954468
1.7712980508804321
1.6669758558273315
1.8392997980117798
1.8305840492248535
1.7784032821655273
1.8327007293701172
1.649547815322876
1.6730743646621704
1.7946823835372925
1.6934317350387573
1.8392987251281738
1.6879115104675293
1.7359306812286377
1.6672592163085938
1.6877243518829346
1.5790066719055176
1.7040966749191284
1.8446452617645264
1.6015714406967163
1.7175720930099487
1.7043156623840332
1.6989433765411377
1.8279545307159424
1.8866443634033203
1.834491491317749
1.7722468376159668
1.5560435056686401
1.7673572301864624
1.4501181840896606
1.5000640153884888
1.532403588294983
1.6670037508010864
1.4724159240722656
1.7695707082748413
1.8591618537902832
2.1929845809936523
Epoch: 14 | Time: 44m 9s
	Train Loss: 1.707 | Train PPL:   5.511
	 Val. Loss: 1.680 |  Val. PPL:   5.368
1.543433427810669
1.5277992486953735
1.6245986223220825
1.6761796474456787
1.672652006149292
1.5740101337432861
1.6592596769332886
1.7201343774795532
1.5460870265960693
1.60272216796875
1.6730090379714966
1.7280850410461426
1.552588701248169
1.5586658716201782
1.534717321395874
1.562393069267273
1.4653685092926025
1.650511384010315
1.7453968524932861
1.7290974855422974
1.6232231855392456
1.5824451446533203
1.5590500831604004
1.7198431491851807
1.6033395528793335
1.6009894609451294
1.6812453269958496
1.947077751159668
1.634153962135315
1.7091330289840698
1.5420094728469849
1.6684494018554688
1.6321444511413574
1.5075606107711792
1.6013973951339722
1.7143474817276
1.698986291885376
1.6727014780044556
1.7191758155822754
1.6663901805877686
1.7012090682983398
1.6729799509048462
1.7376660108566284
1.7165298461914062
1.4565879106521606
1.64946711063385
1.7803925275802612
1.5760747194290161
1.5647075176239014
1.5881571769714355
1.6560744047164917
1.6549367904663086
1.5636931657791138
1.6771332025527954
1.5533881187438965
1.6367300748825073
1.6485341787338257
1.7126367092132568
1.748982548713684
1.7798513174057007
1.696571946144104
1.6376157999038696
1.7274366617202759
1.657652735710144
1.6812068223953247
1.6000233888626099
1.5847712755203247
1.625253677368164
1.6509122848510742
1.6839007139205933
1.6765979528427124
1.4954982995986938
1.7171001434326172
1.6872755289077759
1.6898787021636963
1.659647822380066
1.709959626197815
1.4777131080627441
1.7529247999191284
1.6749590635299683
1.675898790359497
1.562401294708252
1.7797765731811523
1.4968839883804321
1.874874234199524
1.5847378969192505
1.5989751815795898
1.7196159362792969
1.7712985277175903
1.6260722875595093
1.6571382284164429
1.6980777978897095
1.7686264514923096
1.629820466041565
1.7409234046936035
1.825411081314087
1.6638333797454834
1.744071125984192
1.7215850353240967
1.557558298110962
1.7387515306472778
1.5508443117141724
1.6609469652175903
1.7819392681121826
1.6946107149124146
1.6786859035491943
1.8372554779052734
1.5889208316802979
1.6546788215637207
1.5308688879013062
1.6263245344161987
1.6592957973480225
1.8384673595428467
1.7397732734680176
1.7226145267486572
1.6196261644363403
1.5493847131729126
1.5990829467773438
1.8719292879104614
1.6548587083816528
1.4838690757751465
1.5706745386123657
1.5788155794143677
1.5830681324005127
1.6243972778320312
1.7283746004104614
1.6854362487792969
1.7006771564483643
1.748875617980957
1.591320514678955
1.639872431755066
1.6544342041015625
1.781612753868103
1.6977508068084717
1.6135934591293335
1.6815869808197021
1.6218554973602295
1.817691683769226
1.8249831199645996
1.7786551713943481
1.5694055557250977
1.5886272192001343
1.5760964155197144
1.6741961240768433
1.7145464420318604
1.591943621635437
1.804257869720459
1.6250836849212646
1.728017807006836
1.6876827478408813
1.7227191925048828
1.803650975227356
1.6215523481369019
1.7479902505874634
1.5437231063842773
1.6575297117233276
1.8171069622039795
1.759818434715271
1.862449049949646
1.5646239519119263
1.7155847549438477
1.5617917776107788
1.6776551008224487
1.7766964435577393
1.5778454542160034
1.7094537019729614
1.5852030515670776
1.7313804626464844
1.4364299774169922
1.6180435419082642
1.5371241569519043
1.6634211540222168
1.7451297044754028
1.7233543395996094
1.8139995336532593
1.6507980823516846
1.8535382747650146
1.714329481124878
1.7417793273925781
1.8465945720672607
1.6593409776687622
1.6179156303405762
1.8575384616851807
1.7412867546081543
1.5868148803710938
1.743794560432434
1.6317378282546997
1.7061197757720947
1.7686461210250854
1.644392490386963
1.8057016134262085
1.7374701499938965
1.575886845588684
1.7427066564559937
1.7539734840393066
1.7654775381088257
1.622372031211853
1.754785180091858
1.7729185819625854
1.7746589183807373
1.609174370765686
1.7319380044937134
1.549634575843811
1.7154079675674438
1.55411696434021
1.669714093208313
1.8248735666275024
1.7171545028686523
1.7579377889633179
1.6251658201217651
1.696163535118103
1.6841436624526978
1.6783132553100586
1.6948761940002441
1.81058931350708
1.706054925918579
1.5910550355911255
1.790634274482727
1.5857657194137573
1.821487545967102
1.5482382774353027
1.6772264242172241
1.7347698211669922
1.6972572803497314
1.8856308460235596
1.6258448362350464
1.6941286325454712
1.433799386024475
1.5107842683792114
1.5341509580612183
1.6551328897476196
1.4697598218917847
1.757377028465271
1.8609504699707031
2.193098783493042
Epoch: 15 | Time: 44m 25s
	Train Loss: 1.672 | Train PPL:   5.324
	 Val. Loss: 1.677 |  Val. PPL:   5.349
1.594529390335083
1.563725471496582
1.4440261125564575
1.742981195449829
1.647325873374939
1.5566380023956299
1.5304265022277832
1.6402617692947388
1.617963433265686
1.5474624633789062
1.6493483781814575
1.6787093877792358
1.6928350925445557
1.689570426940918
1.5232287645339966
1.5157560110092163
1.5677469968795776
1.6042307615280151
1.540246605873108
1.6461408138275146
1.621079683303833
1.6325243711471558
1.6578320264816284
1.6597357988357544
1.5799107551574707
1.527880072593689
1.66426420211792
1.6319663524627686
1.437929391860962
1.4962413311004639
1.531813383102417
1.6652377843856812
1.5643469095230103
1.5341341495513916
1.5554554462432861
1.5945007801055908
1.632559895515442
1.5201926231384277
1.605711579322815
1.6426175832748413
1.5356144905090332
1.69254732131958
1.6118491888046265
1.6665338277816772
1.5570335388183594
1.5250014066696167
1.6019773483276367
1.5827548503875732
1.6816611289978027
1.7242103815078735
1.713279128074646
1.57803475856781
1.6356196403503418
1.5348714590072632
1.521902084350586
1.6582858562469482
1.7736846208572388
1.628206729888916
1.6236237287521362
1.4161509275436401
1.6555278301239014
1.5993602275848389
1.4441417455673218
1.6525239944458008
1.5414661169052124
1.6604812145233154
1.6883457899093628
1.5723505020141602
1.552619218826294
1.7551095485687256
1.586893916130066
1.8322981595993042
1.7558507919311523
1.6073803901672363
1.6069893836975098
1.5187160968780518
1.7776365280151367
1.5555847883224487
1.5912472009658813
1.740376353263855
1.627959132194519
1.6688116788864136
1.5070252418518066
1.66945481300354
1.6038411855697632
1.5975877046585083
1.7176527976989746
1.7184962034225464
1.7372404336929321
1.6446771621704102
1.5854697227478027
1.5548391342163086
1.6218454837799072
1.6637529134750366
1.6134533882141113
1.5542213916778564
1.6650477647781372
1.687605619430542
1.6164015531539917
1.5689924955368042
1.5443576574325562
1.6789549589157104
1.5984947681427002
1.8058894872665405
1.6995630264282227
1.6989800930023193
1.5269083976745605
1.5145211219787598
1.8452290296554565
1.7179479598999023
1.7565449476242065
1.5401198863983154
1.7130424976348877
1.6117019653320312
1.6576728820800781
1.5850610733032227
1.7971718311309814
1.6717777252197266
1.6300486326217651
1.6883203983306885
1.841004490852356
1.6368434429168701
1.653458595275879
1.6834644079208374
1.7336218357086182
1.6258083581924438
1.7815662622451782
1.741818904876709
1.6308668851852417
1.6040160655975342
1.8372243642807007
1.82139253616333
1.7553921937942505
1.5776067972183228
1.6099108457565308
1.6372687816619873
1.768068790435791
1.6342021226882935
1.7751787900924683
1.6756138801574707
1.6227164268493652
1.6903724670410156
1.6558074951171875
1.6048933267593384
1.6633965969085693
1.730790376663208
1.6456531286239624
1.7570041418075562
1.7239643335342407
1.8454605340957642
1.5422948598861694
1.6517499685287476
1.6534072160720825
1.619362235069275
1.6714104413986206
1.5530258417129517
1.618035912513733
1.710591435432434
1.734903335571289
1.7035582065582275
1.6737804412841797
1.4939371347427368
1.6313706636428833
1.561556100845337
1.754280686378479
1.634708046913147
1.60489821434021
1.5858324766159058
1.4512920379638672
1.6789506673812866
1.7950199842453003
1.5614163875579834
1.6827335357666016
1.6303797960281372
1.595899224281311
1.6472638845443726
1.8214575052261353
1.724992275238037
1.6154571771621704
1.5179272890090942
1.7811728715896606
1.6143697500228882
1.5943121910095215
1.6536140441894531
1.64622962474823
1.6181752681732178
1.6954197883605957
1.7932586669921875
1.6960114240646362
1.547882080078125
1.5778855085372925
1.7645645141601562
1.646019697189331
1.7151271104812622
1.5378148555755615
1.694109320640564
1.6540436744689941
1.544815182685852
1.5954291820526123
1.6574809551239014
1.8050082921981812
1.6744353771209717
1.7588034868240356
1.6729390621185303
1.735488772392273
1.7716401815414429
1.7186226844787598
1.7536563873291016
1.6718719005584717
1.714235782623291
1.722774863243103
1.7031506299972534
1.757869005203247
1.901322364807129
1.8819987773895264
1.552127480506897
1.5502756834030151
1.663771390914917
1.6651126146316528
1.5765714645385742
1.6483113765716553
1.7224183082580566
1.6116214990615845
1.635340929031372
1.783706784248352
1.668569564819336
1.834958553314209
1.4229223728179932
1.5309921503067017
1.5260497331619263
1.678748369216919
1.4553980827331543
1.742581844329834
1.8322951793670654
2.20771861076355
Epoch: 16 | Time: 44m 30s
	Train Loss: 1.647 | Train PPL:   5.192
	 Val. Loss: 1.675 |  Val. PPL:   5.337
1.5469110012054443
1.5185593366622925
1.7010152339935303
1.4721275568008423
1.3709746599197388
1.5617871284484863
1.5992239713668823
1.4736665487289429
1.6236881017684937
1.6000608205795288
1.546964406967163
1.6341614723205566
1.5201958417892456
1.6793063879013062
1.5424760580062866
1.4800443649291992
1.5710698366165161
1.5711500644683838
1.3830832242965698
1.605079174041748
1.475829839706421
1.5749255418777466
1.5088887214660645
1.341062068939209
1.6507102251052856
1.6189497709274292
1.6089454889297485
1.4487839937210083
1.5104773044586182
1.5780118703842163
1.5694708824157715
1.4063920974731445
1.5827308893203735
1.8488720655441284
1.6925722360610962
1.832911729812622
1.7287503480911255
1.4649509191513062
1.5440928936004639
1.4049865007400513
1.705633521080017
1.5782835483551025
1.5152117013931274
1.5662977695465088
1.517259120941162
1.6352424621582031
1.6203149557113647
1.660148024559021
1.5869112014770508
1.5228928327560425
1.4716424942016602
1.5141963958740234
1.5742853879928589
1.555999517440796
1.6571463346481323
1.5340005159378052
1.6489006280899048
1.6829962730407715
1.5217536687850952
1.6111135482788086
1.5063693523406982
1.7380337715148926
1.454875111579895
1.6855823993682861
1.6071451902389526
1.4564886093139648
1.6839532852172852
1.527247667312622
1.4867467880249023
1.5465766191482544
1.724928617477417
1.6168895959854126
1.7046220302581787
1.6193567514419556
1.5918097496032715
1.7596338987350464
1.6630823612213135
1.7764580249786377
1.6078301668167114
1.473768711090088
1.7556411027908325
1.577094554901123
1.686513066291809
1.497633934020996
1.5758402347564697
1.7274317741394043
1.6016300916671753
1.6079778671264648
1.4690771102905273
1.5882962942123413
1.5890496969223022
1.6908563375473022
1.539376974105835
1.662786602973938
1.4908441305160522
1.595946192741394
1.635304570198059
1.6367751359939575
1.6367191076278687
1.5680723190307617
1.7282187938690186
1.6139047145843506
1.6587815284729004
1.6300477981567383
1.5970137119293213
1.6187061071395874
1.5910673141479492
1.5528762340545654
1.6568642854690552
1.5825369358062744
1.5214143991470337
1.700599193572998
1.6837233304977417
1.589917540550232
1.520746111869812
1.670339584350586
1.6752926111221313
1.6098980903625488
1.5019105672836304
1.7930794954299927
1.7149707078933716
1.455404281616211
1.704482913017273
1.6722464561462402
1.8278663158416748
1.5156002044677734
1.6203199625015259
1.7200770378112793
1.620819091796875
1.6365888118743896
1.6227582693099976
1.7634633779525757
1.654158592224121
1.6180473566055298
1.5392438173294067
1.5967227220535278
1.5054460763931274
1.690921425819397
1.7512201070785522
1.4216458797454834
1.7365127801895142
1.6332236528396606
1.6674761772155762
1.68636953830719
1.5912456512451172
1.6777901649475098
1.574103593826294
1.787500262260437
1.7030855417251587
1.7424989938735962
1.6825374364852905
1.5292531251907349
1.4801362752914429
1.6645961999893188
1.7032774686813354
1.7277063131332397
1.5268927812576294
1.530832290649414
1.6612927913665771
1.7715116739273071
1.6229774951934814
1.6319282054901123
1.4405632019042969
1.53399658203125
1.6406539678573608
1.713260531425476
1.6308953762054443
1.6691763401031494
1.6580348014831543
1.5129516124725342
1.6065024137496948
1.5458892583847046
1.675471305847168
1.658573031425476
1.7249208688735962
1.6416964530944824
1.619558572769165
1.604976773262024
1.6439298391342163
1.7518748044967651
1.6281424760818481
1.6560181379318237
1.5868923664093018
1.6321847438812256
1.7083728313446045
1.6026259660720825
1.6493757963180542
1.534772276878357
1.600504994392395
1.7577695846557617
1.654259204864502
1.7509288787841797
1.7047603130340576
1.650451421737671
1.7859156131744385
1.5926010608673096
1.5115787982940674
1.6837695837020874
1.627951741218567
1.4970053434371948
1.7132701873779297
1.6563433408737183
1.5921847820281982
1.839333415031433
1.5384353399276733
1.7073078155517578
1.8721261024475098
1.7839940786361694
1.8523322343826294
1.7190101146697998
1.6691510677337646
1.7300984859466553
1.6589784622192383
1.8365072011947632
1.7359719276428223
1.7337123155593872
1.667799949645996
1.6214689016342163
1.4877727031707764
1.612564206123352
1.6445109844207764
1.5955740213394165
1.6782710552215576
1.6454781293869019
1.627746343612671
1.7101436853408813
1.5828659534454346
1.4006142616271973
1.5055967569351196
1.5158025026321411
1.6487138271331787
1.4475774765014648
1.7455960512161255
1.846623420715332
2.191554307937622
Epoch: 17 | Time: 45m 1s
	Train Loss: 1.619 | Train PPL:   5.048
	 Val. Loss: 1.663 |  Val. PPL:   5.274
1.4871488809585571
1.4843028783798218
1.4669060707092285
1.5803513526916504
1.7178983688354492
1.491129994392395
1.6340751647949219
1.5546633005142212
1.4828647375106812
1.477167010307312
1.5804283618927002
1.3608232736587524
1.4596705436706543
1.5676645040512085
1.5352929830551147
1.62058424949646
1.5830504894256592
1.5952839851379395
1.5158334970474243
1.5755778551101685
1.455698847770691
1.5426908731460571
1.5796782970428467
1.6280373334884644
1.6464905738830566
1.5082752704620361
1.660618543624878
1.4825688600540161
1.530869483947754
1.566857099533081
1.5938260555267334
1.3812847137451172
1.457605242729187
1.7190070152282715
1.7058916091918945
1.4888784885406494
1.5061684846878052
1.485037088394165
1.5694239139556885
1.4427480697631836
1.5461909770965576
1.5432430505752563
1.5175868272781372
1.647422432899475
1.600045084953308
1.5630123615264893
1.63671875
1.5909695625305176
1.616062879562378
1.644430160522461
1.5597233772277832
1.5403354167938232
1.6441982984542847
1.662901759147644
1.5682183504104614
1.6820602416992188
1.4987742900848389
1.4354575872421265
1.4695640802383423
1.6322439908981323
1.6256433725357056
1.5448962450027466
1.5225648880004883
1.439613699913025
1.3552727699279785
1.6185481548309326
1.6535230875015259
1.679670810699463
1.4948410987854004
1.4840312004089355
1.667468547821045
1.449981451034546
1.578078269958496
1.712388277053833
1.6152468919754028
1.5649445056915283
1.6216243505477905
1.6579513549804688
1.66413414478302
1.524503231048584
1.6047662496566772
1.639894723892212
1.6365997791290283
1.6398190259933472
1.4729337692260742
1.6615370512008667
1.5280340909957886
1.4840223789215088
1.6911166906356812
1.4870256185531616
1.5122895240783691
1.705120325088501
1.5724551677703857
1.434661865234375
1.7359657287597656
1.4812366962432861
1.4966959953308105
1.517834186553955
1.6073825359344482
1.6320701837539673
1.7275410890579224
1.580964207649231
1.6991305351257324
1.6875238418579102
1.4724429845809937
1.6395684480667114
1.632158637046814
1.5584702491760254
1.5367372035980225
1.5796074867248535
1.647630214691162
1.484376311302185
1.6120365858078003
1.5804401636123657
1.5669496059417725
1.6783779859542847
1.7587941884994507
1.662867784500122
1.5575459003448486
1.6038693189620972
1.5729520320892334
1.4997626543045044
1.5138416290283203
1.6164780855178833
1.6994479894638062
1.6316713094711304
1.647478699684143
1.4559569358825684
1.5442010164260864
1.5668364763259888
1.5733586549758911
1.627219557762146
1.5538827180862427
1.6417344808578491
1.764976978302002
1.4602627754211426
1.7165298461914062
1.6719574928283691
1.5273972749710083
1.6404750347137451
1.6887125968933105
1.5875757932662964
1.6281976699829102
1.7398372888565063
1.5272319316864014
1.7342993021011353
1.5617324113845825
1.6308677196502686
1.7824305295944214
1.7487916946411133
1.601149320602417
1.522801399230957
1.708200216293335
1.7649222612380981
1.5729776620864868
1.5116746425628662
1.5345338582992554
1.569075584411621
1.6518157720565796
1.4972550868988037
1.607981562614441
1.637558937072754
1.538842797279358
1.5956863164901733
1.6972777843475342
1.6349239349365234
1.6847598552703857
1.5866022109985352
1.731449842453003
1.6766045093536377
1.7829718589782715
1.5901265144348145
1.7259166240692139
1.597840428352356
1.566362977027893
1.7958459854125977
1.5738976001739502
1.4809019565582275
1.5190716981887817
1.6665136814117432
1.6407577991485596
1.614815354347229
1.6904501914978027
1.5992357730865479
1.7260040044784546
1.5076340436935425
1.652664065361023
1.5602879524230957
1.6615058183670044
1.645642876625061
1.506500244140625
1.5974355936050415
1.6359649896621704
1.4913002252578735
1.5969433784484863
1.517804503440857
1.6124449968338013
1.6435142755508423
1.6068470478057861
1.714617371559143
1.5705069303512573
1.5529992580413818
1.6363404989242554
1.7345871925354004
1.7554898262023926
1.6824105978012085
1.6286884546279907
1.734078049659729
1.6958298683166504
1.6508655548095703
1.6338649988174438
1.5948134660720825
1.471862554550171
1.6115201711654663
1.6002516746520996
1.5277962684631348
1.6487969160079956
1.7013421058654785
1.6761316061019897
1.7525062561035156
1.6224101781845093
1.687540054321289
1.640126347541809
1.7532018423080444
1.608120322227478
1.613495945930481
1.5030653476715088
1.4093619585037231
1.5180342197418213
1.5162640810012817
1.650146245956421
1.4317820072174072
1.7484886646270752
1.8468776941299438
2.2084872722625732
Epoch: 18 | Time: 45m 33s
	Train Loss: 1.596 | Train PPL:   4.933
	 Val. Loss: 1.666 |  Val. PPL:   5.292
1.4137108325958252
1.5893778800964355
1.441814661026001
1.5513525009155273
1.5466127395629883
1.4965519905090332
1.5273264646530151
1.4382742643356323
1.5042403936386108
1.5271735191345215
1.4706135988235474
1.3989042043685913
1.5272161960601807
1.4349737167358398
1.5435572862625122
1.5944069623947144
1.5363699197769165
1.4700926542282104
1.6318060159683228
1.6654679775238037
1.537187933921814
1.570285439491272
1.4898585081100464
1.5357478857040405
1.5168790817260742
1.516470193862915
1.5336514711380005
1.5474430322647095
1.427748441696167
1.4719903469085693
1.5205481052398682
1.635417103767395
1.4898808002471924
1.57732093334198
1.5554144382476807
1.5283781290054321
1.4766206741333008
1.6157325506210327
1.5742441415786743
1.5013530254364014
1.5879173278808594
1.5939799547195435
1.627523422241211
1.630087971687317
1.4515422582626343
1.5493009090423584
1.6137187480926514
1.709059238433838
1.5279628038406372
1.3663697242736816
1.4214859008789062
1.4868258237838745
1.461464524269104
1.5192204713821411
1.633427619934082
1.4434022903442383
1.462227702140808
1.645200490951538
1.74149489402771
1.51020348072052
1.6697845458984375
1.6543163061141968
1.4896231889724731
1.4625149965286255
1.5877597332000732
1.6281760931015015
1.6148725748062134
1.5881376266479492
1.5053259134292603
1.6959710121154785
1.5429167747497559
1.479599952697754
1.4001691341400146
1.54145085811615
1.5638813972473145
1.7306770086288452
1.5435166358947754
1.5500457286834717
1.5569783449172974
1.527824878692627
1.5305463075637817
1.5956250429153442
1.6012687683105469
1.508768081665039
1.6977365016937256
1.5729395151138306
1.4293127059936523
1.4147611856460571
1.5534181594848633
1.477885127067566
1.5515376329421997
1.6005709171295166
1.5944362878799438
1.4675599336624146
1.7159123420715332
1.5588600635528564
1.554639458656311
1.651397943496704
1.7257646322250366
1.52585768699646
1.7180781364440918
1.6850541830062866
1.6279977560043335
1.4528828859329224
1.5531870126724243
1.490093469619751
1.5639113187789917
1.6510292291641235
1.5324976444244385
1.631456732749939
1.6018106937408447
1.61892569065094
1.6237088441848755
1.6518406867980957
1.5143638849258423
1.4647281169891357
1.7860355377197266
1.5103955268859863
1.5382797718048096
1.545663595199585
1.5489764213562012
1.3862268924713135
1.5744436979293823
1.723099946975708
1.6274574995040894
1.6048197746276855
1.6058732271194458
1.651304841041565
1.572247862815857
1.7125288248062134
1.4959499835968018
1.4355922937393188
1.6039787530899048
1.7105380296707153
1.683795690536499
1.5396649837493896
1.597227692604065
1.691488265991211
1.610037922859192
1.6962810754776
1.6424795389175415
1.504987359046936
1.6035213470458984
1.697740077972412
1.6776201725006104
1.5564076900482178
1.5970392227172852
1.6276205778121948
1.3785208463668823
1.6809797286987305
1.4909929037094116
1.663295030593872
1.5625768899917603
1.603696346282959
1.5905191898345947
1.5632585287094116
1.5429576635360718
1.5735716819763184
1.658351182937622
1.4764907360076904
1.5991473197937012
1.6158798933029175
1.7092574834823608
1.4514482021331787
1.6090490818023682
1.627414345741272
1.6586791276931763
1.5266653299331665
1.6253211498260498
1.543331503868103
1.577675461769104
1.5756250619888306
1.5040132999420166
1.6026207208633423
1.5943174362182617
1.5895488262176514
1.6695970296859741
1.6533374786376953
1.5115967988967896
1.5631117820739746
1.4842643737792969
1.637722134590149
1.5188554525375366
1.6678862571716309
1.689469814300537
1.4901258945465088
1.5963857173919678
1.5946274995803833
1.4696903228759766
1.687721848487854
1.6209368705749512
1.6602414846420288
1.3452552556991577
1.6816720962524414
1.6445086002349854
1.5806804895401
1.6276062726974487
1.6418720483779907
1.572527527809143
1.60971200466156
1.699089527130127
1.721291422843933
1.4964795112609863
1.6046786308288574
1.7734832763671875
1.743173360824585
1.556021809577942
1.5787428617477417
1.5366475582122803
1.5452378988265991
1.6491808891296387
1.575443983078003
1.629499077796936
1.714524745941162
1.7510344982147217
1.5890477895736694
1.721574068069458
1.7674405574798584
1.5557743310928345
1.8061974048614502
1.6683073043823242
1.5616999864578247
1.5140188932418823
1.6216390132904053
1.6983160972595215
1.5479481220245361
1.4075877666473389
1.4369311332702637
1.4897915124893188
1.4939266443252563
1.673595905303955
1.4310516119003296
1.7615487575531006
1.8335928916931152
2.200568437576294
Epoch: 19 | Time: 50m 15s
	Train Loss: 1.576 | Train PPL:   4.836
	 Val. Loss: 1.665 |  Val. PPL:   5.286
1.4268733263015747
1.5233854055404663
1.4678820371627808
1.5157880783081055
1.4859312772750854
1.394631266593933
1.516524314880371
1.5831303596496582
1.482804775238037
1.4689184427261353
1.4156726598739624
1.531645655632019
1.409864902496338
1.5084388256072998
1.553515911102295
1.5087616443634033
1.4742684364318848
1.5004920959472656
1.4867937564849854
1.5192843675613403
1.53756582736969
1.5397666692733765
1.4094347953796387
1.4831955432891846
1.508470892906189
1.3375614881515503
1.5244535207748413
1.4638125896453857
1.5066157579421997
1.5339171886444092
1.5694607496261597
1.4791654348373413
1.5739926099777222
1.5382864475250244
1.4422814846038818
1.5791014432907104
1.442970633506775
1.4131090641021729
1.4669101238250732
1.4701775312423706
1.4568368196487427
1.5350298881530762
1.3795766830444336
1.532252311706543
1.5528459548950195
1.5194090604782104
1.4680994749069214
1.5696600675582886
1.5873727798461914
1.4064134359359741
1.7051124572753906
1.4711034297943115
1.5745834112167358
1.495233178138733
1.5734105110168457
1.4662764072418213
1.5745179653167725
1.4945300817489624
1.5639864206314087
1.4713447093963623
1.6139752864837646
1.4310532808303833
1.4750797748565674
1.465842843055725
1.5667179822921753
1.5199885368347168
1.5432475805282593
1.6279515027999878
1.5577583312988281
1.6656221151351929
1.5945876836776733
1.4776238203048706
1.5857023000717163
1.4970471858978271
1.675052523612976
1.374081015586853
1.4983726739883423
1.5841163396835327
1.636932134628296
1.4834147691726685
1.569712519645691
1.4918086528778076
1.4469072818756104
1.586373209953308
1.542333722114563
1.5135571956634521
1.7212083339691162
1.590550184249878
1.546154499053955
1.6144840717315674
1.5120768547058105
1.587432861328125
1.651942253112793
1.6995965242385864
1.4395942687988281
1.6664013862609863
1.5009996891021729
1.5732163190841675
1.5852904319763184
1.57681143283844
1.5804390907287598
1.445300817489624
1.496127724647522
1.496228814125061
1.5924571752548218
1.4912867546081543
1.4890937805175781
1.5066016912460327
1.6359279155731201
1.4628174304962158
1.6820474863052368
1.5399467945098877
1.5649006366729736
1.5937938690185547
1.5105353593826294
1.5262458324432373
1.5580439567565918
1.447603464126587
1.6701632738113403
1.4882900714874268
1.6533403396606445
1.5996462106704712
1.508610725402832
1.6205030679702759
1.5791616439819336
1.5515810251235962
1.496274709701538
1.6426810026168823
1.6898630857467651
1.6721229553222656
1.564097285270691
1.5694941282272339
1.4275619983673096
1.619908332824707
1.6509498357772827
1.4645605087280273
1.5784815549850464
1.4644014835357666
1.6529064178466797
1.6526548862457275
1.5979323387145996
1.5929735898971558
1.5546873807907104
1.5322879552841187
1.747338891029358
1.4928456544876099
1.3280400037765503
1.5442535877227783
1.6140905618667603
1.641573190689087
1.5836310386657715
1.5415745973587036
1.5300893783569336
1.5108121633529663
1.5403269529342651
1.5677915811538696
1.7103769779205322
1.6266299486160278
1.5459095239639282
1.6030464172363281
1.5960736274719238
1.5990431308746338
1.5899583101272583
1.4145772457122803
1.5409023761749268
1.4429898262023926
1.7246602773666382
1.515177845954895
1.5297248363494873
1.5764451026916504
1.5648754835128784
1.538429617881775
1.5105292797088623
1.4916560649871826
1.5660686492919922
1.5672918558120728
1.468969702720642
1.611230492591858
1.6850751638412476
1.5936485528945923
1.4475525617599487
1.5943275690078735
1.6170722246170044
1.6284681558609009
1.5625321865081787
1.6231434345245361
1.519334316253662
1.4745134115219116
1.606773018836975
1.5677393674850464
1.6394740343093872
1.572811484336853
1.715466022491455
1.517089605331421
1.632172703742981
1.5702049732208252
1.704200029373169
1.48582923412323
1.6172515153884888
1.799156665802002
1.7225967645645142
1.400962233543396
1.6335972547531128
1.6958812475204468
1.5838738679885864
1.6397643089294434
1.7016462087631226
1.6788263320922852
1.7454107999801636
1.691243052482605
1.6380186080932617
1.532335638999939
1.4770163297653198
1.60066819190979
1.6740243434906006
1.707984209060669
1.4144539833068848
1.5532424449920654
1.5644924640655518
1.5234906673431396
1.5833932161331177
1.5570266246795654
1.6427931785583496
1.613403558731079
1.6182299852371216
1.6646275520324707
1.613407850265503
1.4251320362091064
1.5049654245376587
1.489962100982666
1.6626518964767456
1.415565848350525
1.7169055938720703
1.7984870672225952
2.1318299770355225
Epoch: 20 | Time: 51m 5s
	Train Loss: 1.553 | Train PPL:   4.727
	 Val. Loss: 1.643 |  Val. PPL:   5.172
1.4879521131515503
1.4888405799865723
1.5717120170593262
1.435479760169983
1.4032829999923706
1.6395467519760132
1.5356769561767578
1.433701515197754
1.4307224750518799
1.3367997407913208
1.316375970840454
1.4805574417114258
1.4224436283111572
1.5042177438735962
1.3534430265426636
1.458060383796692
1.4505869150161743
1.482133388519287
1.4936305284500122
1.592572808265686
1.3506181240081787
1.4816685914993286
1.4811170101165771
1.4191290140151978
1.4138847589492798
1.5987904071807861
1.3545186519622803
1.4830163717269897
1.3534356355667114
1.4469469785690308
1.3683617115020752
1.5728379487991333
1.4378634691238403
1.5153313875198364
1.5576239824295044
1.561873435974121
1.536959171295166
1.5032525062561035
1.6210944652557373
1.4789711236953735
1.5091609954833984
1.486620545387268
1.3382045030593872
1.3788920640945435
1.493722915649414
1.4728846549987793
1.5996286869049072
1.5629138946533203
1.5836528539657593
1.4236273765563965
1.4886163473129272
1.4163025617599487
1.4320613145828247
1.5561659336090088
1.474225640296936
1.5162127017974854
1.6469740867614746
1.5319188833236694
1.581526279449463
1.524932861328125
1.53068208694458
1.3386353254318237
1.5365581512451172
1.472686767578125
1.6087915897369385
1.4506977796554565
1.5663402080535889
1.5236808061599731
1.6129143238067627
1.5344609022140503
1.578821063041687
1.447366714477539
1.5321383476257324
1.6120896339416504
1.4015491008758545
1.5618946552276611
1.429032564163208
1.5021613836288452
1.5181814432144165
1.5361744165420532
1.476890206336975
1.4767882823944092
1.5642858743667603
1.5630122423171997
1.414094090461731
1.4188008308410645
1.5635379552841187
1.5701267719268799
1.3954932689666748
1.644808053970337
1.5019032955169678
1.4858037233352661
1.4807804822921753
1.5227473974227905
1.5057330131530762
1.5379120111465454
1.5522044897079468
1.5884877443313599
1.5404266119003296
1.5459575653076172
1.5816643238067627
1.376473307609558
1.4560834169387817
1.6453938484191895
1.4304977655410767
1.548776626586914
1.5674179792404175
1.5650807619094849
1.5629942417144775
1.5706993341445923
1.4358174800872803
1.5851235389709473
1.4501252174377441
1.498563289642334
1.475732684135437
1.5740035772323608
1.521290898323059
1.5514283180236816
1.6558129787445068
1.518693208694458
1.3560881614685059
1.617663025856018
1.4963256120681763
1.624046802520752
1.601743459701538
1.4702552556991577
1.6022990942001343
1.540561556816101
1.6995840072631836
1.3759573698043823
1.5116268396377563
1.5051970481872559
1.5828479528427124
1.526747465133667
1.444114089012146
1.5730290412902832
1.5236653089523315
1.426506757736206
1.4321033954620361
1.5341451168060303
1.6173077821731567
1.5846731662750244
1.6119558811187744
1.5230369567871094
1.5747578144073486
1.5134564638137817
1.6068472862243652
1.668000340461731
1.5597456693649292
1.6338212490081787
1.614626407623291
1.4856791496276855
1.4507560729980469
1.5118343830108643
1.4910868406295776
1.526608943939209
1.5948413610458374
1.5500646829605103
1.547205924987793
1.6787301301956177
1.7866498231887817
1.4888499975204468
1.4902657270431519
1.5933799743652344
1.497597575187683
1.5577014684677124
1.55077064037323
1.5955417156219482
1.534796118736267
1.5105328559875488
1.5404623746871948
1.5916893482208252
1.4604692459106445
1.5339775085449219
1.6500130891799927
1.6744098663330078
1.4553312063217163
1.4481933116912842
1.6477410793304443
1.632642388343811
1.4744406938552856
1.6344997882843018
1.4491431713104248
1.6434258222579956
1.563308835029602
1.720894455909729
1.5855625867843628
1.6275912523269653
1.5563781261444092
1.5700058937072754
1.6030024290084839
1.6253541707992554
1.6171038150787354
1.7521836757659912
1.5465246438980103
1.4932283163070679
1.4666643142700195
1.60687255859375
1.4977658987045288
1.5243635177612305
1.511947751045227
1.5421961545944214
1.5836344957351685
1.4706755876541138
1.4938340187072754
1.5489888191223145
1.5591896772384644
1.6439954042434692
1.6916744709014893
1.471888780593872
1.511345386505127
1.6004858016967773
1.5224217176437378
1.52382230758667
1.5715895891189575
1.458831548690796
1.664644479751587
1.6063942909240723
1.6833082437515259
1.6966850757598877
1.6195138692855835
1.6864820718765259
1.692529559135437
1.553465485572815
1.4765933752059937
1.6942167282104492
1.6444730758666992
1.4203842878341675
1.5132672786712646
1.5330379009246826
1.6353596448898315
1.4337966442108154
1.7218488454818726
1.8062875270843506
2.1924848556518555
Epoch: 21 | Time: 50m 50s
	Train Loss: 1.530 | Train PPL:   4.620
	 Val. Loss: 1.657 |  Val. PPL:   5.244
1.356879472732544
1.346150279045105
1.4628970623016357
1.6434156894683838
1.4049906730651855
1.3228719234466553
1.4241434335708618
1.374351143836975
1.5386799573898315
1.4210232496261597
1.594648838043213
1.457769751548767
1.5011061429977417
1.375166893005371
1.4905941486358643
1.4517979621887207
1.4117501974105835
1.551087498664856
1.5448709726333618
1.527459740638733
1.3651437759399414
1.3893226385116577
1.6273589134216309
1.324639916419983
1.5231820344924927
1.5374009609222412
1.504667043685913
1.5563796758651733
1.488848090171814
1.288800597190857
1.4894405603408813
1.507587194442749
1.5364118814468384
1.6255662441253662
1.6280851364135742
1.4510829448699951
1.6169426441192627
1.5364532470703125
1.3592143058776855
1.2826392650604248
1.4837726354599
1.5282732248306274
1.4708856344223022
1.4803800582885742
1.5479457378387451
1.6540639400482178
1.501214623451233
1.4937525987625122
1.462390661239624
1.4640456438064575
1.508825659751892
1.3805001974105835
1.3887624740600586
1.5432947874069214
1.2794126272201538
1.4348264932632446
1.3422895669937134
1.4266983270645142
1.4081294536590576
1.5418918132781982
1.4429761171340942
1.4671109914779663
1.3272329568862915
1.4863141775131226
1.6512422561645508
1.5729315280914307
1.5428684949874878
1.6320655345916748
1.4862008094787598
1.4882042407989502
1.5470333099365234
1.4664371013641357
1.474157452583313
1.397902011871338
1.4911412000656128
1.3819249868392944
1.58858060836792
1.534741759300232
1.4445396661758423
1.45622980594635
1.4490423202514648
1.5856318473815918
1.4262703657150269
1.4551060199737549
1.4994568824768066
1.5484378337860107
1.402515172958374
1.4661589860916138
1.78981614112854
1.4343469142913818
1.501114845275879
1.695144534111023
1.5031170845031738
1.4443126916885376
1.5215966701507568
1.5752326250076294
1.5647304058074951
1.6323131322860718
1.4530736207962036
1.4689675569534302
1.5511729717254639
1.5570448637008667
1.528876543045044
1.4930235147476196
1.49953293800354
1.5538313388824463
1.54556405544281
1.6283208131790161
1.4742205142974854
1.494571328163147
1.3719533681869507
1.4462729692459106
1.4808158874511719
1.6012992858886719
1.5250804424285889
1.6009365320205688
1.6038413047790527
1.5844086408615112
1.4804259538650513
1.601344108581543
1.3976898193359375
1.5214775800704956
1.6828268766403198
1.399491548538208
1.5696086883544922
1.5735219717025757
1.5720531940460205
1.3928192853927612
1.4766066074371338
1.4722813367843628
1.481370449066162
1.6331695318222046
1.5242424011230469
1.5712735652923584
1.5444440841674805
1.350335717201233
1.5264270305633545
1.591718316078186
1.4837807416915894
1.5262079238891602
1.5290064811706543
1.4918787479400635
1.5615793466567993
1.545747995376587
1.5821329355239868
1.4832080602645874
1.6444387435913086
1.4641083478927612
1.4297821521759033
1.615515112876892
1.4959418773651123
1.771657943725586
1.6837568283081055
1.5038633346557617
1.5192859172821045
1.3588957786560059
1.6587636470794678
1.529827356338501
1.484421968460083
1.4982550144195557
1.656912922859192
1.4999065399169922
1.4859203100204468
1.5934327840805054
1.5049171447753906
1.563422441482544
1.5182545185089111
1.5506216287612915
1.460486650466919
1.4733785390853882
1.645635724067688
1.5060847997665405
1.5207405090332031
1.5505824089050293
1.5497303009033203
1.3825585842132568
1.4956303834915161
1.656186580657959
1.5065056085586548
1.4430264234542847
1.5753790140151978
1.4413387775421143
1.5308908224105835
1.5328683853149414
1.6184862852096558
1.4951839447021484
1.5115110874176025
1.2512773275375366
1.3880994319915771
1.4605724811553955
1.464970588684082
1.5317472219467163
1.4289896488189697
1.6294842958450317
1.495652675628662
1.4425840377807617
1.512855887413025
1.6116936206817627
1.6768606901168823
1.5951627492904663
1.3758594989776611
1.522516131401062
1.4128665924072266
1.5043703317642212
1.558887004852295
1.5412532091140747
1.5225697755813599
1.5295201539993286
1.4764376878738403
1.4823225736618042
1.4575847387313843
1.6081217527389526
1.4275610446929932
1.731907606124878
1.587227702140808
1.4979346990585327
1.5846596956253052
1.4315998554229736
1.6027228832244873
1.5238507986068726
1.5152634382247925
1.4393028020858765
1.6097348928451538
1.4666661024093628
1.561356782913208
1.5950874090194702
1.4454153776168823
1.3926963806152344
1.4883840084075928
1.516721248626709
1.6303887367248535
1.434273600578308
1.752224087715149
1.8122113943099976
2.161682605743408
Epoch: 22 | Time: 54m 12s
	Train Loss: 1.507 | Train PPL:   4.512
	 Val. Loss: 1.649 |  Val. PPL:   5.200