D:\Anaconda\python.exe D:/Language-Translation/Model/EngHindiDataPreprocess/train.py
Vocab Creation in Progress...
----------------------Vocab Creation Done for Both----------------------
Data Conversion to Integer in Progress...
Data Conversion to Integer Done...
10.550092697143555
10.262948036193848
9.668567657470703
9.530272483825684
9.665345191955566
8.72288990020752
9.591429710388184
8.406217575073242
8.13452434539795
7.501769065856934
7.79987096786499
7.699215888977051
7.287252426147461
7.262101173400879
7.236043453216553
7.091807842254639
6.905473709106445
7.028571128845215
7.177431583404541
7.006886005401611
6.980649471282959
7.019997596740723
6.902458667755127
6.800816059112549
7.02562952041626
7.1457695960998535
6.791119575500488
6.726546764373779
6.747181415557861
6.830392360687256
6.699243068695068
6.646453857421875
6.711791515350342
6.871407508850098
6.853562831878662
6.729668617248535
6.680488109588623
6.55841588973999
6.7397780418396
6.656108379364014
6.539603233337402
6.486044406890869
6.589381694793701
6.516880989074707
6.520790100097656
6.715217590332031
6.415044784545898
6.555734157562256
6.676080226898193
6.336936950683594
6.342859745025635
6.392431735992432
6.3878350257873535
6.480983257293701
6.428999423980713
6.510449409484863
6.384592533111572
6.468202114105225
6.5378313064575195
6.280714988708496
6.4441962242126465
6.353862762451172
6.42236852645874
6.2539520263671875
6.4966206550598145
6.531820297241211
6.42629861831665
6.500144958496094
6.483924865722656
6.476419448852539
6.392054557800293
6.562577247619629
6.2447991371154785
6.227296829223633
6.217639923095703
6.342522621154785
6.229156970977783
6.49885892868042
6.515237808227539
6.499863624572754
6.166337490081787
6.197955131530762
6.3199262619018555
6.210444927215576
6.318705081939697
6.327744960784912
6.216193199157715
6.487257480621338
6.229513168334961
6.174740791320801
6.342992305755615
6.23194694519043
6.462914943695068
6.4302592277526855
6.044466018676758
6.29194974899292
6.146471977233887
6.336944580078125
6.347120761871338
6.104024410247803
6.249074459075928
6.116808891296387
6.4619340896606445
6.1237640380859375
6.232333183288574
6.253097057342529
6.2264180183410645
6.257762908935547
6.019551753997803
6.415371894836426
6.4468255043029785
6.2767744064331055
6.0194993019104
6.166126251220703
6.096622467041016
6.256622314453125
6.1435418128967285
6.050840854644775
6.23413610458374
6.099151611328125
6.044528961181641
6.107569217681885
6.132401943206787
6.14968204498291
6.0939178466796875
6.2823333740234375
6.213359355926514
6.229857921600342
6.298486709594727
6.114742755889893
6.209334850311279
6.062255382537842
6.165731906890869
6.2321882247924805
6.2878241539001465
6.178545951843262
5.995124816894531
6.037143230438232
6.148460388183594
6.133829593658447
6.165578365325928
6.102993965148926
6.064791202545166
6.174583435058594
6.2170820236206055
6.1526994705200195
5.973559856414795
6.090871810913086
6.114774703979492
6.0074334144592285
5.956786632537842
6.243037700653076
5.991084575653076
6.138275146484375
6.133581161499023
5.870941162109375
6.1509599685668945
5.995965480804443
5.947895526885986
6.13803243637085
6.05874490737915
6.122413158416748
6.019872188568115
6.228095054626465
6.012335777282715
5.965590476989746
6.237038612365723
6.072011947631836
5.943264484405518
6.125640392303467
6.108213901519775
6.00261926651001
5.933577060699463
5.921492099761963
6.040026664733887
5.965179920196533
6.097930431365967
6.185028076171875
5.982553005218506
6.142124652862549
6.063344478607178
5.9388227462768555
6.113320827484131
5.943410396575928
6.042795181274414
6.048604965209961
5.997921466827393
6.208010673522949
5.901558876037598
6.342028617858887
5.933226585388184
6.077113628387451
6.148370265960693
5.965777397155762
6.0022406578063965
5.8845062255859375
6.018774509429932
5.972667694091797
6.026021957397461
6.041075706481934
6.0701704025268555
6.045609951019287
6.053507328033447
6.032158851623535
6.122679710388184
5.9572906494140625
5.722809314727783
6.210121154785156
5.736724853515625
5.755361557006836
6.024620056152344
6.0222883224487305
5.9971842765808105
5.873255729675293
5.847087383270264
5.795130252838135
5.882265090942383
5.840449810028076
5.86094331741333
5.8897705078125
5.766972541809082
5.857184886932373
5.8526716232299805
5.816014766693115
5.993743419647217
5.8785247802734375
5.928343772888184
6.00727653503418
6.083726406097412
5.941588878631592
5.841170310974121
5.944604396820068
5.834993839263916
5.88798713684082
5.846521854400635
5.840539455413818
5.763251781463623
5.873703956604004
6.002065181732178
5.9897613525390625
5.809176921844482
5.795433521270752
5.826820373535156
5.836337089538574
5.917016506195068
6.159775733947754
5.768116474151611
5.769252777099609
5.801026821136475
5.952966213226318
5.893063545227051
6.0872721672058105
5.738297939300537
5.995035648345947
5.790160655975342
6.10139799118042
5.692193031311035
5.968979358673096
5.767310619354248
5.739768028259277
5.6850199699401855
5.824526786804199
5.904725551605225
5.715309143066406
5.768844127655029
5.847418308258057
5.821907043457031
5.895070552825928
5.7230706214904785
5.6689581871032715
5.764017105102539
5.729185104370117
5.771181583404541
5.86845064163208
5.772249221801758
5.793276309967041
5.771552562713623
5.502935409545898
5.896223545074463
6.045804023742676
5.798484802246094
5.976499080657959
5.835727214813232
5.6462883949279785
5.917639255523682
5.786393642425537
5.755270481109619
6.019228458404541
5.900956630706787
5.908212184906006
5.630066394805908
5.868535041809082
5.810957908630371
5.775040626525879
5.720273971557617
5.85226583480835
5.693413734436035
5.758769512176514
6.001649856567383
5.876304626464844
5.929012775421143
5.95167875289917
5.7949090003967285
5.965150356292725
5.6694769859313965
5.88823938369751
5.758443355560303
5.841233253479004
5.544998645782471
5.325819492340088
5.894547462463379
5.486281871795654
5.812539100646973
5.715640544891357
6.088490009307861
5.852684020996094
5.699792385101318
5.8537068367004395
5.819866180419922
5.5994791984558105
5.792835235595703
5.8663506507873535
5.733686923980713
5.683778285980225
5.82767915725708
5.738813400268555
5.7488532066345215
5.802769184112549
5.779269695281982
5.905704021453857
5.54338264465332
5.82430362701416
5.4755353927612305
5.808885097503662
5.650111198425293
5.610620975494385
5.758638858795166
5.746647834777832
5.698121547698975
5.6584601402282715
5.8021368980407715
5.657959938049316
5.821223258972168
5.676280975341797
5.779945373535156
5.763606071472168
5.537431716918945
5.765918731689453
5.657662391662598
5.804298400878906
5.770613193511963
5.7161173820495605
5.838227272033691
5.814920425415039
5.904240608215332
5.759408473968506
6.0809245109558105
5.729179382324219
5.9071478843688965
5.729978561401367
5.536975383758545
5.473132610321045
5.748574256896973
5.681838035583496
5.898879051208496
5.566805362701416
5.574418067932129
5.470296859741211
5.604452610015869
5.973594665527344
5.822408199310303
5.567100524902344
5.66089391708374
5.700702667236328
5.503702163696289
5.632536888122559
5.85444450378418
5.793571472167969
5.750092506408691
5.699228286743164
5.622982978820801
5.701151371002197
5.586194038391113
5.743978023529053
5.608862400054932
5.8208723068237305
5.811123847961426
5.466157913208008
5.5848588943481445
5.5858564376831055
5.824828147888184
5.585003852844238
5.679192543029785
5.513440132141113
5.457847595214844
5.845069885253906
5.648496150970459
5.631112575531006
5.633148193359375
5.563538551330566
5.741004943847656
5.631290912628174
5.599015235900879
5.732421398162842
5.50879430770874
5.518847465515137
5.7078680992126465
5.605763912200928
5.61732816696167
5.825545310974121
5.468764305114746
5.521813869476318
5.611067295074463
5.6558427810668945
5.319607734680176
5.615918159484863
5.505704402923584
5.755173683166504
5.754133224487305
5.741325855255127
5.825533390045166
5.727484703063965
5.722609043121338
5.601187229156494
5.727386951446533
5.558407783508301
5.582468509674072
5.6742706298828125
5.569722652435303
5.490757465362549
5.681364059448242
5.50335168838501
5.746613025665283
5.752654075622559
5.726729869842529
5.601622104644775
5.600578784942627
5.436762809753418
5.8164448738098145
5.524041175842285
5.639059066772461
5.790534019470215
5.532564640045166
5.7090229988098145
5.57564115524292
5.523714542388916
5.320032119750977
5.861435413360596
5.54343843460083
5.5482683181762695
5.311649322509766
5.360916614532471
5.64703893661499
5.428016185760498
5.6640801429748535
5.3875603675842285
5.522928714752197
5.442174434661865
5.550933361053467
5.4783453941345215
5.929933547973633
5.506049156188965
5.831018924713135
5.247855186462402
5.431732177734375
5.45272159576416
5.452097415924072
5.577674865722656
5.544018745422363
5.7218780517578125
5.510562419891357
5.477994918823242
5.678681373596191
5.701990604400635
5.4452409744262695
5.506134986877441
5.648372173309326
5.451486587524414
5.627781391143799
5.391350269317627
5.568575382232666
5.433073043823242
5.464301586151123
5.553987503051758
5.359601020812988
5.417771339416504
5.380541801452637
5.396868705749512
5.65118408203125
5.465481281280518
5.52119255065918
5.662413597106934
5.6697611808776855
5.513838291168213
5.330953598022461
5.376632213592529
5.616256237030029
5.715081214904785
5.6942596435546875
5.474036693572998
5.4842915534973145
5.6826605796813965
5.556386470794678
5.523306846618652
5.39394474029541
5.317539215087891
5.455601215362549
5.728580951690674
5.438048362731934
5.72614049911499
5.46351432800293
5.414981842041016
5.5159220695495605
5.388164520263672
5.622313499450684
5.423892974853516
5.4319281578063965
5.344470500946045
5.429794788360596
5.683406829833984
5.459716320037842
5.428266525268555
5.367120265960693
5.552456855773926
5.587108612060547
5.514642238616943
5.411811828613281
5.352301120758057
5.596921920776367
5.383117198944092
5.5716118812561035
5.605414390563965
5.278317451477051
5.640279293060303
5.330595970153809
5.295328140258789
5.456214427947998
5.470834732055664
5.582625865936279
5.457762718200684
5.546310901641846
5.582635879516602
5.523786544799805
5.122148513793945
5.363062858581543
5.399825096130371
5.559664249420166
5.318986892700195
5.5468926429748535
5.456634044647217
5.565781116485596
5.353874683380127
5.216314315795898
5.654698848724365
5.573292255401611
5.689123153686523
5.564723014831543
5.4905853271484375
5.583463191986084
5.185560703277588
5.600232124328613
5.555849552154541
5.507079124450684
5.400712013244629
5.54492712020874
5.458333969116211
5.51097297668457
5.419262409210205
5.490434646606445
5.619787216186523
5.3007683753967285
5.353763580322266
5.363691806793213
5.472465515136719
5.671289920806885
5.351395130157471
5.380219459533691
5.686472415924072
5.423781871795654
5.532998085021973
5.333705902099609
5.525457382202148
5.66030740737915
5.4990057945251465
5.45059871673584
5.265286922454834
5.508034706115723
5.5060319900512695
5.402630805969238
5.526130199432373
5.3208327293396
5.230690002441406
5.348128795623779
5.500361442565918
5.422108173370361
5.480916976928711
5.563230514526367
5.564793586730957
5.30167818069458
5.0987725257873535
5.419980049133301
5.597999095916748
5.3984694480896
5.345592975616455
5.433628559112549
5.664595127105713
5.428581237792969
5.256692886352539
5.1401286125183105
5.384632110595703
5.425342082977295
5.412194728851318
5.530608177185059
5.166469573974609
5.556702613830566
5.586071968078613
5.461763858795166
5.349992752075195
5.296286106109619
5.48283052444458
5.399366855621338
5.567511081695557
5.2948174476623535
5.494021892547607
5.1253743171691895
5.3671112060546875
5.294030666351318
5.459317207336426
5.38861608505249
5.113525390625
5.277845859527588
5.280477046966553
5.289172649383545
5.235437870025635
5.425439834594727
5.561313152313232
5.454007625579834
5.163173675537109
5.46743106842041
5.43373441696167
5.6124958992004395
5.456784725189209
5.467039108276367
5.367188930511475
5.44426155090332
5.509729385375977
5.2862067222595215
5.34514856338501
5.506739616394043
5.339138984680176
5.534921169281006
5.414559364318848
5.312849998474121
5.415164947509766
5.283313274383545
5.514034748077393
5.329774379730225
5.344607353210449
5.306986331939697
5.060422897338867
5.264820575714111
5.521321773529053
5.225420951843262
5.405339241027832
5.398275852203369
5.333906173706055
5.331665515899658
5.612261772155762
5.084972381591797
5.545288562774658
5.302898406982422
5.265026569366455
5.242131233215332
5.403813362121582
5.373763561248779
5.720285415649414
5.416993618011475
5.462334632873535
5.374753952026367
5.373898506164551
5.2033162117004395
5.378786563873291
5.421863555908203
5.096968650817871
5.27178955078125
5.415631294250488
5.305220603942871
5.384279727935791
5.443028450012207
5.400998592376709
5.3965983390808105
5.438033580780029
5.452339172363281
5.5352044105529785
5.4772820472717285
5.366867542266846
5.398550033569336
5.611131191253662
5.296854019165039
5.572032451629639
5.371284484863281
5.5952467918396
5.269073009490967
5.20005464553833
5.212746620178223
5.31697416305542
5.28023099899292
5.357256889343262
5.544056415557861
5.400611877441406
5.570534706115723
5.416580677032471
5.337493419647217
5.161872386932373
5.110280990600586
5.2841410636901855
5.37911319732666
5.499262809753418
5.196681499481201
5.547536373138428
5.376547813415527
5.415842533111572
5.18552827835083
5.404750347137451
5.443648338317871
5.485306739807129
5.471979141235352
5.277982234954834
5.424868106842041
5.509683132171631
5.683202266693115
5.046339511871338
5.3325371742248535
5.152331352233887
5.2165679931640625
5.178623676300049
5.29020357131958
5.357956886291504
5.284388065338135
5.381113529205322
Train Batch No.-1 Done
5.233516693115234
4.9766387939453125
5.275512218475342
5.027029037475586
5.088432312011719
4.914607524871826
5.1616740226745605
5.144866943359375
5.193124771118164
5.347225189208984
5.14567232131958
5.290834426879883
5.029576301574707
5.271509170532227
5.081117630004883
5.110958576202393
4.992349624633789
4.91212272644043
4.819885730743408
5.023942947387695
5.2364277839660645
5.0590667724609375
4.968770503997803
4.929820537567139
5.250214576721191
5.066558361053467
5.313474655151367
4.877340793609619
5.005787372589111
5.093541622161865
5.05777645111084
5.3517045974731445
5.057979583740234
5.346624374389648
4.8707098960876465
5.093614101409912
4.9829535484313965
5.26289701461792
5.025031566619873
5.027446746826172
5.19183349609375
5.071696758270264
4.949933052062988
5.046512126922607
5.049018383026123
5.075972080230713
5.032426834106445
5.01861047744751
5.189295768737793
5.101963996887207
5.270846366882324
5.044998645782471
5.115394592285156
5.255264759063721
5.13349723815918
5.044950008392334
4.9107184410095215
5.028385162353516
4.853503227233887
5.122649192810059
5.055663108825684
5.200657844543457
4.989778518676758
5.089338779449463
5.151218414306641
5.19943380355835
5.3058762550354
5.072212219238281
5.010726451873779
5.15446662902832
5.230196952819824
5.238088607788086
5.017170429229736
5.3292670249938965
5.244488716125488
5.03203821182251
4.9774932861328125
4.87532901763916
4.80968713760376
5.111519813537598
4.992691993713379
5.204172134399414
Validation Batch No.-1 Done
Epoch: 01 | Time: 213m 11s
	Train Loss: 5.824 | Train PPL: 338.470
	 Val. Loss: 5.094 |  Val. PPL: 163.059
5.1827216148376465
5.348601341247559
5.355266571044922
5.172126770019531
5.085960388183594
5.412222385406494
5.478896617889404
5.163455963134766
5.213197231292725
4.947177410125732
5.23569917678833
5.342981815338135
5.027952194213867
5.244372844696045
5.220822334289551
5.1441521644592285
5.07087516784668
5.227802276611328
5.602365493774414
5.150679588317871
5.260737419128418
5.202359676361084
5.29204797744751
5.0977067947387695
5.545771598815918
5.652741432189941
5.248372554779053
5.189496994018555
5.075229644775391
5.2085652351379395
5.156970977783203
5.2322096824646
5.1858601570129395
5.454935550689697
5.606582164764404
5.306872367858887
5.283618927001953
5.1199259757995605
5.2148051261901855
5.154142379760742
5.014718532562256
5.170630931854248
5.2018327713012695
5.10274600982666
5.200669765472412
5.411086559295654
5.185943603515625
5.248457908630371
5.328008651733398
4.998366832733154
5.024316310882568
5.03304386138916
5.237049102783203
5.114354610443115
5.1776909828186035
5.274072647094727
5.107176780700684
5.301578521728516
5.276806831359863
5.04738187789917
5.291948318481445
5.165032386779785
5.255991458892822
4.998831272125244
5.245635986328125
5.403343677520752
5.1633687019348145
5.409475326538086
5.277889728546143
5.2331929206848145
5.278987884521484
5.487137317657471
5.064756870269775
5.026897430419922
5.070781707763672
5.219134330749512
5.065347194671631
5.379753112792969
5.4009833335876465
5.38777494430542
5.065856456756592
5.047567367553711
5.19878625869751
5.026945114135742
5.252294540405273
5.19754695892334
5.158568859100342
5.483046054840088
5.150371551513672
5.158876419067383
5.243265628814697
5.100574493408203
5.40942907333374
5.419754505157471
4.908077716827393
5.288689136505127
5.087705612182617
5.2299628257751465
5.2273054122924805
4.99578332901001
5.311436176300049
5.0276384353637695
5.504777908325195
5.168332099914551
5.24334716796875
5.262439250946045
5.249983787536621
5.226506233215332
5.0914387702941895
5.437272071838379
5.520313739776611
5.290104866027832
4.995166778564453
5.26213264465332
5.1604204177856445
5.267149925231934
5.195535659790039
5.044908046722412
5.108153820037842
5.059006214141846
5.053799629211426
5.215457916259766
5.1726226806640625
5.109235763549805
5.1631550788879395
5.191429138183594
5.206031322479248
5.385270118713379
5.328278064727783
5.13967227935791
5.22609281539917
5.127302169799805
5.208008766174316
5.204716205596924
5.401569843292236
5.2147722244262695
5.046609401702881
5.012608528137207
5.155757904052734
5.203505039215088
5.221816539764404
5.093534469604492
5.078679084777832
5.226139545440674
5.312112808227539
5.2402729988098145
5.026458740234375
5.150750160217285
5.143307209014893
4.972645282745361
4.985443592071533
5.341362953186035
5.107738494873047
5.148050785064697
5.240218162536621
4.941465377807617
5.279389381408691
5.079951763153076
5.038243770599365
5.246469497680664
5.171359539031982
5.1575608253479
5.151164531707764
5.240013122558594
5.13088846206665
5.063727855682373
5.3698625564575195
5.264537334442139
5.093355178833008
5.234227180480957
5.189394474029541
5.105792999267578
5.049551963806152
5.03646993637085
5.210184097290039
5.095988750457764
5.215782165527344
5.284688472747803
5.107140064239502
5.228476524353027
5.222914695739746
4.997995853424072
5.362328052520752
5.099750518798828
5.220796585083008
5.211175441741943
5.100962162017822
5.356461524963379
5.036144256591797
5.434603691101074
5.067240238189697
5.286684989929199
5.324615001678467
5.112326145172119
5.120087623596191
4.9938740730285645
5.186197280883789
5.1297383308410645
5.204134941101074
5.184449195861816
5.233677864074707
5.241598606109619
5.116549968719482
5.193814754486084
5.332161903381348
5.262298583984375
4.898794174194336
5.414147853851318
4.920252799987793
4.953326225280762
5.272750377655029
5.203848838806152
5.300498962402344
5.057382583618164
5.171579837799072
4.985101222991943
5.134387493133545
5.068436622619629
5.055313587188721
5.116761207580566
5.078145503997803
5.138326644897461
5.139054775238037
5.010988712310791
5.269871711730957
5.053706169128418
5.24101448059082
5.292346477508545
5.2978515625
5.1461381912231445
5.123451232910156
5.124124050140381
5.076104640960693
5.120904445648193
5.081672191619873
5.148107051849365
4.974517345428467
5.20131778717041
5.280861854553223
5.231586933135986
5.095466136932373
5.032758712768555
5.076910018920898
5.1023077964782715
5.145117282867432
5.380363941192627
4.911895751953125
5.096583366394043
5.024535179138184
5.190156936645508
5.219428539276123
5.318257808685303
5.025302410125732
5.2632598876953125
5.012411594390869
5.378801345825195
4.9972381591796875
5.324136257171631
5.135872840881348
5.001689910888672
4.9347028732299805
5.059316635131836
5.233330249786377
4.937627792358398
5.022193431854248
5.200405597686768
5.119307518005371
5.23280143737793
4.985166549682617
4.992180824279785
5.0431952476501465
4.916750431060791
5.052981853485107
5.146609783172607
5.05484676361084
5.098890781402588
5.053472995758057
4.844481468200684
5.210575580596924
5.33207893371582
5.101755142211914
5.265778541564941
5.17597770690918
4.935624599456787
5.274986267089844
5.074707984924316
5.1238112449646
5.345384120941162
5.276017665863037
5.218299388885498
4.885899066925049
5.184305667877197
5.1684250831604
5.052835464477539
5.105997085571289
5.125905990600586
5.013928413391113
5.102328300476074
5.360489845275879
5.205845832824707
5.265924453735352
5.291844367980957
5.140504360198975
5.288176536560059
4.960000514984131
5.25136661529541
5.136302947998047
5.177058696746826
4.93850040435791
4.641542434692383
5.264936447143555
4.78749942779541
5.106418132781982
5.085148334503174
5.486977577209473
5.188050270080566
5.011224269866943
5.1887102127075195
5.090245246887207
4.850442409515381
5.122361183166504
5.282985210418701
5.041794776916504
5.102210521697998
5.083049774169922
5.086301803588867
5.056338787078857
5.1790642738342285
5.0416669845581055
5.254232406616211
4.984813690185547
5.150750160217285
4.80019474029541
5.211013317108154
4.911073207855225
4.96912956237793
5.096235752105713
5.148397445678711
5.094003200531006
5.045011520385742
5.160145282745361
5.037243366241455
5.167150497436523
4.999919414520264
5.2079548835754395
5.130563259124756
4.948228359222412
5.170400619506836
5.026061534881592
5.163228511810303
5.136708736419678
5.044785976409912
5.171625137329102
5.175417423248291
5.2931365966796875
5.114721298217773
5.471673488616943
5.0163893699646
5.22062349319458
5.175667762756348
4.849874496459961
4.836845874786377
5.155256748199463
5.105571746826172
5.285825252532959
4.946324825286865
4.978404998779297
4.736441135406494
5.004125118255615
5.300384998321533
5.244906902313232
4.943459987640381
5.068004608154297
5.0867390632629395
4.963852405548096
4.966879844665527
5.208568096160889
5.181093692779541
5.1810479164123535
5.118833065032959
4.998925685882568
5.055281162261963
5.029651165008545
5.187948226928711
4.979811668395996
5.250865936279297
5.169285774230957
4.891486644744873
4.952160835266113
5.021736145019531
5.196143627166748
5.038608551025391
5.152004241943359
4.959087371826172
4.874926567077637
5.217849254608154
5.104762077331543
5.052255153656006
5.0447998046875
4.9308390617370605
5.20795202255249
5.083227157592773
5.092488765716553
5.173678874969482
4.934854030609131
4.917672634124756
5.055474758148193
5.085338592529297
5.048709392547607
5.278487205505371
4.952928066253662
5.012194633483887
5.021803379058838
5.192309379577637
4.817448616027832
5.145721912384033
4.980072975158691
5.207140922546387
5.179975509643555
5.113131046295166
5.3064656257629395
5.1857428550720215
5.157741069793701
5.014204025268555
5.134218215942383
4.928563594818115
5.061269283294678
5.099366664886475
5.0243940353393555
4.962824821472168
5.178206920623779
4.991214275360107
5.237058162689209
5.157745361328125
5.245511531829834
5.074860572814941
5.074437141418457
4.916989803314209
5.317908763885498
4.938959121704102
5.149591445922852
5.191405296325684
4.989179611206055
5.306394577026367
5.048023223876953
4.995940208435059
4.735402584075928
5.3153839111328125
5.078449726104736
5.051409721374512
4.732329368591309
4.867587089538574
5.095631122589111
4.973255157470703
5.150021553039551
4.904664993286133
4.952477931976318
4.960303783416748
5.102964401245117
4.964801788330078
5.451117038726807
5.032739639282227
5.3567633628845215
4.7714667320251465
4.954388618469238
4.960906505584717
4.956886291503906
5.085754871368408
5.018342018127441
5.123077392578125
5.096028804779053
4.984677791595459
5.2280192375183105
5.158425331115723
4.919094085693359
5.048487663269043
5.076866149902344
4.935824871063232
5.131547927856445
4.87460470199585
5.0962958335876465
4.925693988800049
4.977914810180664
5.0791778564453125
4.899575710296631
4.946992874145508
4.930304050445557
4.895845890045166
5.182763576507568
4.960567951202393
5.027440071105957
5.129700183868408
5.198941230773926
5.024325847625732
4.901862144470215
4.9017133712768555
5.126047134399414
5.102247714996338
5.2007222175598145
4.9582366943359375
4.985304832458496
5.20419979095459
5.059248447418213
5.067017078399658
4.885822296142578
4.767171382904053
4.955483436584473
5.213325500488281
4.998730659484863
5.296370506286621
5.043659210205078
4.95432710647583
5.044323921203613
4.943665027618408
5.158788204193115
4.953262805938721
4.956984519958496
4.8959832191467285
4.935614585876465
5.211727142333984
5.000892162322998
5.021545886993408
4.873748779296875
5.0556440353393555
5.100821495056152
5.068504333496094
4.936553955078125
4.9329657554626465
5.110485553741455
4.981094837188721
5.098174095153809
5.175250053405762
4.826550483703613
5.215325832366943
4.908176422119141
4.854618072509766
4.9213385581970215
5.0208353996276855
5.082087516784668
4.987637996673584
5.1000895500183105
5.063798904418945
5.068960666656494
4.626971244812012
4.915459632873535
4.86462926864624
5.122628688812256
4.839683532714844
5.110047340393066
5.018291473388672
5.06031608581543
4.960638046264648
4.7464752197265625
5.246592044830322
5.131635665893555
5.235208988189697
5.096545219421387
5.052182197570801
5.115238189697266
4.674829483032227
5.209150791168213
5.024421215057373
5.0729780197143555
4.914717197418213
5.172956466674805
5.007623672485352
5.04960298538208
4.994351387023926
5.074840545654297
5.203634262084961
4.8421525955200195
4.9526872634887695
4.934948444366455
5.098737716674805
5.267274379730225
4.8363847732543945
4.966578960418701
5.253987789154053
4.962735176086426
5.077306747436523
4.882077693939209
5.111534118652344
5.205751895904541
5.04959774017334
5.009615898132324
4.910419940948486
5.019078731536865
5.109517574310303
4.970642566680908
5.111144542694092
4.89280366897583
4.796743869781494
4.92953634262085
5.112504005432129
4.976372241973877
5.106517791748047
5.113988876342773
5.122766017913818
4.851083755493164
4.714543342590332
4.993330955505371
5.169421195983887
4.994555473327637
4.963886737823486
5.045683860778809
5.26660680770874
4.999927043914795
4.765129089355469
4.698323726654053
5.003543853759766
5.023568630218506
4.999724388122559
5.064299583435059
4.810739994049072
5.118646144866943
5.165665149688721
5.030518531799316
4.974941253662109
4.848359107971191
5.037247657775879
4.944896221160889
5.152050018310547
4.861478805541992
5.098287105560303
4.715038776397705
4.988358020782471
4.879760265350342
5.058149814605713
4.995899200439453
4.737308979034424
4.819708347320557
4.9070820808410645
4.866109848022461
4.858687877655029
5.026688098907471
5.131176948547363
4.967661380767822
4.740512371063232
5.048846244812012
4.986425876617432
5.21483850479126
5.106351375579834
5.044155597686768
5.027223587036133
5.057596206665039
5.18702507019043
4.896076679229736
4.970943927764893
5.154056072235107
4.959150791168213
5.210914134979248
5.05008602142334
4.89043664932251
5.011331081390381
4.814637660980225
5.123528957366943
4.961312770843506
4.967471599578857
4.919248104095459
4.705766201019287
4.904237747192383
5.091345310211182
4.856017589569092
4.9856133460998535
4.958762168884277
4.952112674713135
4.8532280921936035
5.259807586669922
4.669994831085205
5.106180667877197
4.866625785827637
4.871238708496094
4.839553356170654
5.015555381774902
4.911516189575195
5.336767196655273
5.045892715454102
5.089394569396973
5.048460483551025
4.976872444152832
4.818891525268555
5.038009166717529
4.988707065582275
4.746440887451172
4.91274881362915
5.0189208984375
4.925990581512451
4.970425128936768
5.046614646911621
4.98433256149292
5.031249523162842
5.058302879333496
5.0879950523376465
5.16344690322876
5.062914848327637
4.972506999969482
5.062813758850098
5.259956359863281
4.924171447753906
5.233465194702148
5.0247483253479
5.2385077476501465
4.848342418670654
4.785201072692871
4.866465091705322
4.944982051849365
4.958491802215576
4.97018575668335
5.2295002937316895
5.015687465667725
5.196581840515137
5.03985595703125
5.004123687744141
4.851480007171631
4.742485523223877
4.918381214141846
5.035149097442627
5.115711688995361
4.927108287811279
5.191623210906982
4.995121955871582
5.07916784286499
4.904797554016113
5.07078218460083
5.084939002990723
5.083017349243164
5.084348678588867
4.907370567321777
5.058300018310547
5.1647491455078125
5.306955337524414
4.719850540161133
4.954723834991455
4.7785325050354
4.873477458953857
4.871190071105957
4.896780490875244
4.984109401702881
4.961658477783203
5.022184371948242
Train Batch No.-2 Done
4.94030237197876
4.669059753417969
4.974514484405518
4.695703506469727
4.752573013305664
4.577874660491943
4.852174282073975
4.810947418212891
4.8597025871276855
5.045590400695801
4.8222336769104
4.942056655883789
4.6959733963012695
4.959992408752441
4.7557783126831055
4.773978233337402
4.62820291519165
4.604729175567627
4.458721160888672
4.691853046417236
4.884972095489502
4.73550271987915
4.644313335418701
4.632813453674316
4.916566371917725
4.758858680725098
4.979990005493164
4.573186874389648
4.6094770431518555
4.747910976409912
4.747398853302002
5.063480377197266
4.72537899017334
5.068447113037109
4.494637966156006
4.755997180938721
4.683617115020752
4.9334259033203125
4.690987586975098
4.72538948059082
4.8522629737854
4.731691837310791
4.625812530517578
4.710162162780762
4.708845615386963
4.794355392456055
4.706860065460205
4.721710205078125
4.888278007507324
4.796285629272461
4.919009685516357
4.764707565307617
4.773396015167236
4.922879219055176
4.846344470977783
4.76057243347168
4.627233505249023
4.688377857208252
4.5475053787231445
4.782469272613525
4.667764186859131
4.87119197845459
4.707306385040283
4.773834705352783
4.845663070678711
4.870004177093506
4.991787433624268
4.770857810974121
4.687047481536865
4.871281623840332
4.9268646240234375
4.904874801635742
4.709105014801025
5.032836437225342
4.955453395843506
4.706085205078125
4.665430545806885
4.5875244140625
4.476521015167236
4.768513202667236
4.695340633392334
4.898282527923584
Validation Batch No.-2 Done
Epoch: 02 | Time: 211m 20s
	Train Loss: 5.092 | Train PPL: 162.764
	 Val. Loss: 4.774 |  Val. PPL: 118.347
4.9044928550720215
5.029402732849121
4.988001823425293
4.825260639190674
4.742419719696045
5.083158016204834
5.087296009063721
4.896227836608887
4.925682544708252
4.643589019775391
4.912230491638184
5.008731365203857
4.723755836486816
4.862281322479248
4.927778244018555
4.853275299072266
4.699031829833984
4.8283610343933105
5.273125648498535
4.874739646911621
4.969887733459473
4.842043876647949
4.9532928466796875
4.763145446777344
5.267335414886475
5.32382869720459
4.860594272613525
4.880887985229492
4.72593355178833
4.848217010498047
4.721743106842041
4.915585517883301
4.872975826263428
5.134632587432861
5.272036075592041
4.914311408996582
4.974346160888672
4.849002361297607
4.975337982177734
4.800765514373779
4.689576625823975
4.855778694152832
4.880630970001221
4.776181697845459
4.844407081604004
5.133570671081543
4.9023332595825195
4.987298488616943
4.967462539672852
4.628535747528076
4.756799697875977
4.687829494476318
4.934483051300049
4.824202537536621
4.857582092285156
4.958362102508545
4.761159420013428
5.016604423522949
4.947431564331055
4.747580051422119
4.962870121002197
4.872466087341309
4.9087677001953125
4.719917297363281
4.9599690437316895
5.076042652130127
4.862445831298828
5.087042331695557
4.918344020843506
4.905031204223633
5.005517482757568
5.111563205718994
4.765056610107422
4.744853496551514
4.708148956298828
4.9700541496276855
4.742538928985596
5.047085762023926
5.085874080657959
5.039992332458496
4.660500526428223
4.740748405456543
4.886812210083008
4.722041130065918
4.956401348114014
4.931899070739746
4.815863132476807
5.113189220428467
4.811131000518799
4.843846797943115
4.940541744232178
4.841025352478027
5.099393844604492
5.0847954750061035
4.494947910308838
5.0193562507629395
4.76861047744751
4.891552448272705
4.95969820022583
4.657729625701904
5.001119136810303
4.786449432373047
5.19353723526001
4.873447895050049
4.984242916107178
4.979781150817871
4.842753887176514
4.892300128936768
4.744157314300537
5.100851058959961
5.191828727722168
4.988592147827148
4.7100701332092285
4.969049453735352
4.831268310546875
4.962635040283203
4.895349025726318
4.721095085144043
4.831130504608154
4.765202045440674
4.779265403747559
4.857844829559326
4.8648786544799805
4.8661909103393555
4.848145961761475
4.912437438964844
4.942637920379639
5.0554633140563965
5.035318374633789
4.872514724731445
4.918876647949219
4.835922718048096
4.859705924987793
4.9181342124938965
5.10366153717041
4.886306285858154
4.838281154632568
4.767643451690674
4.835441589355469
4.8687849044799805
4.924648761749268
4.8438286781311035
4.797467231750488
4.905910968780518
5.054951190948486
4.944235801696777
4.779056549072266
4.871748924255371
4.840792179107666
4.6656494140625
4.67916202545166
5.009317398071289
4.783256530761719
4.8549041748046875
4.903907775878906
4.649484634399414
5.021061420440674
4.7845683097839355
4.705622673034668
4.972484111785889
4.931732654571533
4.882451057434082
4.907683372497559
4.983149528503418
4.8474578857421875
4.760610103607178
5.05776309967041
5.018522262573242
4.845077991485596
4.981293678283691
4.941874980926514
4.827823638916016
4.787336826324463
4.733612537384033
4.949418544769287
4.853950500488281
4.949559688568115
4.930480480194092
4.770220756530762
4.987250804901123
4.957050800323486
4.690088748931885
5.07133150100708
4.777730941772461
4.918131351470947
4.974631309509277
4.77888822555542
5.08595085144043
4.808755397796631
5.191666603088379
4.795302391052246
4.959037780761719
5.012184143066406
4.85637092590332
4.863348960876465
4.7543253898620605
4.874090671539307
4.857820987701416
4.8996195793151855
4.923079013824463
4.929737567901611
4.969380855560303
4.7824482917785645
4.863368988037109
5.102890491485596
5.0225934982299805
4.595938682556152
5.094559192657471
4.697047233581543
4.700167179107666
5.010339260101318
4.941322326660156
5.013982772827148
4.795411586761475
4.862823486328125
4.760561943054199
4.8263373374938965
4.831124782562256
4.786520481109619
4.795555591583252
4.753321647644043
4.884115695953369
4.8234992027282715
4.744537353515625
4.9889631271362305
4.810929298400879
4.961349010467529
5.033170700073242
5.008443355560303
4.864304542541504
4.857714653015137
4.805505752563477
4.832646369934082
4.827208518981934
4.811361312866211
4.92334508895874
4.750948429107666
4.906781196594238
5.051212310791016
4.941049575805664
4.816510200500488
4.780749797821045
4.823019027709961
4.8382697105407715
4.874033451080322
5.04937744140625
4.623781681060791
4.82149600982666
4.752934455871582
4.9048590660095215
5.04613733291626
5.021734714508057
4.798634052276611
5.050218105316162
4.7726054191589355
5.138917922973633
4.725618362426758
5.038589954376221
4.898532867431641
4.711971282958984
4.6727519035339355
4.781159400939941
4.969132423400879
4.6692304611206055
4.796143054962158
5.006406784057617
4.872402191162109
4.9440436363220215
4.764342308044434
4.770934581756592
4.751980781555176
4.667304992675781
4.812910556793213
4.858887672424316
4.787223815917969
4.780910015106201
4.811948776245117
4.562139511108398
4.952254772186279
5.07879114151001
4.893794536590576
5.015359401702881
4.887902736663818
4.710874080657959
5.068202972412109
4.790469646453857
4.820520877838135
5.104736328125
4.999864101409912
4.929054260253906
4.639894485473633
4.914495468139648
4.883898735046387
4.7909955978393555
4.843480587005615
4.825206756591797
4.698012828826904
4.8300862312316895
5.131682872772217
5.02387809753418
4.969045162200928
5.0331268310546875
4.836752414703369
5.023268699645996
4.721327781677246
4.957962512969971
4.882781982421875
4.876155376434326
4.655767440795898
4.35939884185791
5.067027568817139
4.522692680358887
4.858250617980957
4.864771842956543
5.247409343719482
4.9521989822387695
4.801095485687256
4.932567596435547
4.83139705657959
4.6252827644348145
4.846963882446289
5.076714992523193
4.778957366943359
4.825440883636475
4.885560512542725
4.838614463806152
4.790471076965332
4.941946506500244
4.799716949462891
4.9763360023498535
4.7140793800354
4.881560325622559
4.5727715492248535
4.9566545486450195
4.674590110778809
4.76078987121582
4.882721900939941
4.912734031677246
4.785150527954102
4.775872230529785
4.882485866546631
4.790319442749023
4.952016353607178
4.729716777801514
4.974242210388184
4.889237880706787
4.65615177154541
4.9311394691467285
4.804235458374023
4.969513893127441
4.917149066925049
4.815774440765381
4.983126163482666
4.943359375
5.020045757293701
4.911180019378662
5.288419723510742
4.702794075012207
5.00209903717041
4.929224491119385
4.632341384887695
4.676182270050049
4.968061447143555
4.894808769226074
5.0808634757995605
4.721977710723877
4.775724411010742
4.6077561378479
4.796860694885254
4.996082305908203
4.981713771820068
4.749964237213135
4.847186088562012
4.881850719451904
4.68147611618042
4.765232563018799
4.901615619659424
4.90041971206665
4.983621597290039
4.886129379272461
4.770198822021484
4.860482215881348
4.84406042098999
4.951805114746094
4.808826923370361
4.99700927734375
4.920977592468262
4.626431465148926
4.760876178741455
4.838180065155029
4.974946022033691
4.823981285095215
4.86985969543457
4.743823528289795
4.680051803588867
4.9661455154418945
4.808313369750977
4.809520721435547
4.838146686553955
4.720421314239502
4.937511444091797
4.8220696449279785
4.847011089324951
4.956357955932617
4.674593925476074
4.773547172546387
4.871007919311523
4.886524200439453
4.883304119110107
5.046398639678955
4.632288932800293
4.81619930267334
4.754144668579102
4.96946382522583
4.654128551483154
4.908780574798584
4.7522196769714355
4.994744300842285
4.955195903778076
4.931103229522705
5.03426456451416
4.947772979736328
4.910760402679443
4.769618988037109
4.919623374938965
4.790867805480957
4.863200664520264
4.890561103820801
4.791757583618164
4.76943302154541
4.973961353302002
4.696704864501953
5.0061774253845215
4.987695217132568
5.038366317749023
4.891733646392822
4.8435258865356445
4.698158264160156
5.068816661834717
4.773190498352051
4.912677764892578
4.949268817901611
4.801616191864014
5.026332378387451
4.89202880859375
4.758583068847656
4.544307708740234
5.027707576751709
4.85144567489624
4.813077449798584
4.4568681716918945
4.599830150604248
4.898069381713867
4.707845687866211
4.907830715179443
4.662869453430176
4.6992692947387695
4.7888312339782715
4.844602584838867
4.762631893157959
5.2176408767700195
4.826848983764648
5.126110076904297
4.529037952423096
4.714075088500977
4.738856792449951
4.695629596710205
4.838238716125488
4.814371585845947
4.909026622772217
4.8618083000183105
4.722179889678955
4.976602554321289
4.962810516357422
4.732600688934326
4.820355415344238
4.870241165161133
4.7116875648498535
4.907748699188232
4.6378655433654785
4.844417095184326
4.692131519317627
4.751458644866943
4.888185501098633
4.661324501037598
4.7396063804626465
4.712101459503174
4.622665882110596
4.914277076721191
4.7237043380737305
4.836358547210693
4.917036056518555
4.9897379875183105
4.77349853515625
4.682338237762451
4.7246599197387695
4.930911540985107
4.914567947387695
5.019744873046875
4.7697038650512695
4.7747697830200195
4.973567485809326
4.847731113433838
4.878067493438721
4.691434860229492
4.552167892456055
4.776187419891357
4.9283061027526855
4.8556132316589355
5.086128234863281
4.789147853851318
4.7427568435668945
4.884426116943359
4.764411926269531
4.933112621307373
4.746227741241455
4.733357906341553
4.681994915008545
4.711134910583496
4.989467144012451
4.8274335861206055
4.79547643661499
4.669478416442871
4.830885410308838
4.845930099487305
4.822391986846924
4.7249650955200195
4.751386642456055
4.866654396057129
4.7162089347839355
4.8627448081970215
4.958446979522705
4.6764373779296875
5.003409385681152
4.6887640953063965
4.644387722015381
4.69368314743042
4.79024076461792
4.871322154998779
4.833563804626465
4.870062828063965
4.859963417053223
4.867624759674072
4.462245464324951
4.703312873840332
4.6702752113342285
4.921546459197998
4.588608741760254
4.973709583282471
4.777881145477295
4.905484199523926
4.710287094116211
4.598658084869385
5.040793418884277
4.965494155883789
5.0627570152282715
4.904911518096924
4.905141353607178
4.9167704582214355
4.513797283172607
5.032994270324707
4.884818077087402
4.88852071762085
4.699332237243652
4.9757232666015625
4.775050640106201
4.851585865020752
4.764549732208252
4.896936416625977
5.082345485687256
4.669116973876953
4.724889755249023
4.712331295013428
4.8770270347595215
5.035776138305664
4.649245262145996
4.798994064331055
5.061496734619141
4.774397373199463
4.822587013244629
4.704431056976318
4.9137749671936035
5.039847373962402
4.8747782707214355
4.83689022064209
4.75176477432251
4.829654693603516
4.880789756774902
4.775269031524658
4.922004222869873
4.7088303565979
4.686228275299072
4.70888614654541
4.883246898651123
4.799758434295654
4.913509845733643
4.911005973815918
4.989741325378418
4.664715766906738
4.516157627105713
4.80595588684082
4.94679069519043
4.781174182891846
4.792670249938965
4.833930969238281
5.0580058097839355
4.835704326629639
4.542412757873535
4.495200157165527
4.816467761993408
4.877058506011963
4.869672775268555
4.85853385925293
4.628603935241699
4.938753604888916
4.982405662536621
4.803668975830078
4.774707317352295
4.645959854125977
4.866157054901123
4.65402889251709
4.9406023025512695
4.729742527008057
4.8874945640563965
4.559806823730469
4.802340507507324
4.69016170501709
4.861897945404053
4.815203666687012
4.581116676330566
4.649829864501953
4.7393107414245605
4.700117588043213
4.635757923126221
4.844751358032227
5.041323184967041
4.768222808837891
4.572144508361816
4.887332916259766
4.77770471572876
5.070001602172852
4.9088287353515625
4.878277778625488
4.846452236175537
4.903636455535889
4.99839448928833
4.756044387817383
4.81000280380249
4.937769412994385
4.836546897888184
5.021620750427246
4.8453450202941895
4.754077434539795
4.811916351318359
4.633753776550293
4.942349433898926
4.771145343780518
4.850300312042236
4.766329765319824
4.542410850524902
4.725371360778809
4.923301696777344
4.68633508682251
4.811370372772217
4.845324516296387
4.742122650146484
4.672298431396484
5.077176094055176
4.458449363708496
4.8900251388549805
4.672860145568848
4.695955276489258
4.6306939125061035
4.819718837738037
4.716165065765381
5.17402458190918
4.808013439178467
4.879161357879639
4.884801864624023
4.828187465667725
4.640398979187012
4.895275115966797
4.846359729766846
4.538922309875488
4.753289699554443
4.824777126312256
4.795407772064209
4.84583044052124
4.853551387786865
4.818204402923584
4.819267749786377
4.846653461456299
4.930016040802002
4.948794841766357
4.876534938812256
4.787886619567871
4.88535213470459
5.033895969390869
4.7378950119018555
5.0596723556518555
4.826496124267578
5.085499286651611
4.6670026779174805
4.660932540893555
4.681748390197754
4.783049583435059
4.7851104736328125
4.799063682556152
5.03540563583374
4.913092613220215
5.024044990539551
4.8572845458984375
4.810960292816162
4.659773826599121
4.578475475311279
4.68961238861084
4.89090633392334
4.8900251388549805
4.7107744216918945
5.044031620025635
4.806478500366211
4.930203914642334
4.706953048706055
4.934031963348389
4.914517879486084
4.989111423492432
4.970360279083252
4.762937068939209
4.8719329833984375
5.050180435180664
5.136660099029541
4.544993877410889
4.773233413696289
4.6607208251953125
4.726646900177002
4.683868885040283
4.7038798332214355
4.7788166999816895
4.778522491455078
4.881967067718506
Train Batch No.-3 Done
4.811736106872559
4.545248031616211
4.838986873626709
4.563333511352539
4.593615531921387
4.413269519805908
4.731768608093262
4.668598651885986
4.714282989501953
4.923451900482178
4.668046951293945
4.804624080657959
4.553564548492432
4.8379902839660645
4.578457832336426
4.620506763458252
4.471934795379639
4.481283187866211
4.338829040527344
4.509664535522461
4.750205993652344
4.598654747009277
4.51078987121582
4.519979476928711
4.800158977508545
4.615046977996826
4.861229419708252
4.441401958465576
4.4683074951171875
4.640876293182373
4.5999836921691895
4.945101737976074
4.567058563232422
4.915790557861328
4.33831787109375
4.645716667175293
4.519550800323486
4.789025783538818
4.54000186920166
4.586235046386719
4.721927165985107
4.597303867340088
4.453714370727539
4.607753753662109
4.593670845031738
4.654910087585449
4.5706071853637695
4.604552745819092
4.826483726501465
4.643434524536133
4.769611835479736
4.651987552642822
4.634509086608887
4.7970967292785645
4.7234039306640625
4.635806083679199
4.5234832763671875
4.539895534515381
4.396374225616455
4.624467849731445
4.554836750030518
4.742307186126709
4.592108726501465
4.658561706542969
4.73231315612793
4.761048316955566
4.854292869567871
4.652731895446777
4.553034782409668
4.74893045425415
4.817440509796143
4.789556503295898
4.565371990203857
4.886453628540039
4.814782619476318
4.582034587860107
4.522191524505615
4.445975303649902
4.319104194641113
4.614717483520508
4.5796098709106445
4.783817291259766
Validation Batch No.-3 Done
Epoch: 03 | Time: 218m 15s
	Train Loss: 4.851 | Train PPL: 127.844
	 Val. Loss: 4.640 |  Val. PPL: 103.525
4.789876937866211
4.9050517082214355
4.848580837249756
4.687621116638184
4.601694107055664
4.890012741088867
4.881072044372559
4.747077465057373
4.814584255218506
4.470920085906982
4.7698750495910645
4.856361389160156
4.6059889793396
4.721174716949463
4.8061842918396
4.680551052093506
4.554884433746338
4.729410171508789
5.136510372161865
4.729525566101074
4.777268409729004
4.697866916656494
4.848778247833252
4.636837959289551
5.163509368896484
5.208088397979736
4.7230544090271
4.752854824066162
4.641116142272949
4.694375991821289
4.577901840209961
4.806276798248291
4.726376056671143
4.9606218338012695
5.042975902557373
4.830490589141846
4.8052287101745605
4.705550670623779
4.778970241546631
4.639011383056641
4.505462169647217
4.7520012855529785
4.776888370513916
4.632133960723877
4.780994892120361
4.982388973236084
4.797300815582275
4.798459529876709
4.821205139160156
4.53202486038208
4.610568523406982
4.588207244873047
4.848248481750488
4.652764797210693
4.716739177703857
4.806356430053711
4.654571533203125
4.911290168762207
4.827367305755615
4.556711196899414
4.820079803466797
4.757632255554199
4.73627233505249
4.60311222076416
4.816675186157227
4.920994758605957
4.663333892822266
4.937588691711426
4.745301723480225
4.774628639221191
4.8791117668151855
4.991120338439941
4.6469268798828125
4.641325950622559
4.57046365737915
4.837453365325928
4.598271369934082
4.9326300621032715
4.940958499908447
4.876945972442627
4.5687174797058105
4.583028316497803
4.799875736236572
4.620701789855957
4.8470845222473145
4.8320417404174805
4.753569602966309
5.039060592651367
4.712299346923828
4.7605109214782715
4.7676262855529785
4.641727447509766
4.980734348297119
4.985955238342285
4.378957271575928
4.891474723815918
4.652068614959717
4.794267654418945
4.823418140411377
4.560130596160889
4.90339994430542
4.634888648986816
5.08563756942749
4.716436386108398
4.856460094451904
4.9010820388793945
4.7454915046691895
4.733347415924072
4.603643417358398
4.915325164794922
5.061222553253174
4.854269504547119
4.584930896759033
4.824254035949707
4.6304192543029785
4.816823959350586
4.766414642333984
4.625003337860107
4.66090202331543
4.624460697174072
4.632221221923828
4.758432388305664
4.757483005523682
4.707386016845703
4.73222541809082
4.796442031860352
4.729304313659668
4.931075572967529
4.9308762550354
4.71115255355835
4.7762064933776855
4.734333515167236
4.74720573425293
4.752199649810791
4.9451680183410645
4.825189113616943
4.668509006500244
4.601822853088379
4.707060813903809
4.779008865356445
4.83551549911499
4.69674015045166
4.660072326660156
4.810332775115967
4.968499183654785
4.784657955169678
4.653045654296875
4.665204048156738
4.732898235321045
4.5385870933532715
4.612555503845215
4.863995552062988
4.720836639404297
4.728972434997559
4.793885231018066
4.532774925231934
4.915389060974121
4.6714396476745605
4.622422695159912
4.87545108795166
4.808709621429443
4.747244834899902
4.720831394195557
4.849214553833008
4.716248512268066
4.601891040802002
4.959146976470947
4.865869522094727
4.762267589569092
4.844541072845459
4.741476535797119
4.727212429046631
4.67930269241333
4.686559200286865
4.812239170074463
4.718635559082031
4.895663261413574
4.844672679901123
4.712254524230957
4.837364673614502
4.777107238769531
4.625833034515381
4.9478607177734375
4.675063133239746
4.868690013885498
4.878851413726807
4.695827484130859
4.980762958526611
4.670847415924072
5.095359802246094
4.691187381744385
4.9099578857421875
4.9057183265686035
4.799154281616211
4.734691143035889
4.6580328941345215
4.804548740386963
4.753769397735596
4.816212177276611
4.772022247314453
4.811498641967773
4.9084858894348145
4.640201568603516
4.710705757141113
4.998910427093506
4.8630757331848145
4.570408344268799
5.014174461364746
4.5907673835754395
4.6478471755981445
4.930798530578613
4.820296287536621
4.972530841827393
4.697180271148682
4.7539215087890625
4.619615077972412
4.803014755249023
4.707208156585693
4.6961750984191895
4.727977752685547
4.697200298309326
4.777719497680664
4.756537914276123
4.67343807220459
4.839560508728027
4.687770366668701
4.848454475402832
4.920078754425049
4.897941589355469
4.7842512130737305
4.706399440765381
4.710407257080078
4.764545917510986
4.752772331237793
4.71417236328125
4.7693634033203125
4.581214427947998
4.800149917602539
4.880021095275879
4.830974578857422
4.743987083435059
4.682563304901123
4.741471767425537
4.697016716003418
4.764688491821289
4.932823657989502
4.543118476867676
4.720483779907227
4.68269157409668
4.820183753967285
4.916496276855469
4.943582057952881
4.67779541015625
4.898478031158447
4.6742353439331055
5.028442859649658
4.588779926300049
4.927217960357666
4.811672687530518
4.664618492126465
4.602396011352539
4.678023815155029
4.898914813995361
4.602635860443115
4.735227584838867
4.823388576507568
4.7164459228515625
4.906701564788818
4.672783851623535
4.673797607421875
4.684225082397461
4.615623950958252
4.744543552398682
4.822684288024902
4.784507751464844
4.700275897979736
4.6972975730896
4.5206522941589355
4.79341459274292
4.9751973152160645
4.782187461853027
4.911825656890869
4.781617164611816
4.66676139831543
4.9487786293029785
4.688283920288086
4.821378707885742
5.019692420959473
4.978287696838379
4.8713274002075195
4.561008453369141
4.8304972648620605
4.848467826843262
4.748243808746338
4.867743492126465
4.767342567443848
4.695831775665283
4.790953636169434
5.1002421379089355
4.959115505218506
4.915716171264648
5.019403457641602
4.7961931228637695
4.886453628540039
4.659498691558838
4.874731063842773
4.850061416625977
4.812623023986816
4.569329738616943
4.3068976402282715
4.925265789031982
4.529954433441162
4.731525897979736
4.819407939910889
5.0869975090026855
4.852359771728516
4.720053195953369
4.8531389236450195
4.697784900665283
4.559605598449707
4.839263916015625
4.945490837097168
4.74955940246582
4.790318012237549
4.782132625579834
4.789679050445557
4.723803997039795
4.8544793128967285
4.802507400512695
4.904248237609863
4.677718162536621
4.835705757141113
4.495998382568359
4.905961036682129
4.645288467407227
4.741184234619141
4.854273319244385
4.854894638061523
4.757559776306152
4.754361629486084
4.88503885269165
4.774561405181885
4.891591548919678
4.7242608070373535
4.925623893737793
4.830702781677246
4.6352386474609375
4.882046222686768
4.753501892089844
4.8815016746521
4.834839820861816
4.742158889770508
4.932009696960449
4.928245544433594
5.010952949523926
4.866097450256348
5.189393520355225
4.691225528717041
4.910341262817383
4.886555194854736
4.610065460205078
4.597691535949707
4.908522129058838
4.786123275756836
4.971951961517334
4.717434406280518
4.714750289916992
4.521113395690918
4.744816780090332
4.9740471839904785
4.884714126586914
4.652318954467773
4.774825096130371
4.7834930419921875
4.63820743560791
4.666014671325684
4.837926387786865
4.871506214141846
4.939523220062256
4.860700607299805
4.736591815948486
4.730702877044678
4.744587421417236
4.8291707038879395
4.711503505706787
4.903762340545654
4.8483428955078125
4.621685981750488
4.664569854736328
4.72423791885376
4.888659477233887
4.716520309448242
4.789417266845703
4.657674789428711
4.619643688201904
4.87144660949707
4.755520820617676
4.788311004638672
4.747344017028809
4.670846939086914
4.813912391662598
4.7297749519348145
4.786621570587158
4.9019269943237305
4.580417633056641
4.673055648803711
4.819325923919678
4.824471473693848
4.794783592224121
5.014642715454102
4.616148471832275
4.783756256103516
4.76788854598999
4.94484806060791
4.5876545906066895
4.905971050262451
4.698202610015869
4.97865104675293
4.92874813079834
4.9072394371032715
5.021077632904053
4.886347770690918
4.8673415184021
4.7133283615112305
4.864902973175049
4.741358280181885
4.8068366050720215
4.8491692543029785
4.734735488891602
4.72161865234375
4.933066368103027
4.666247367858887
5.013347625732422
4.90940523147583
4.957763671875
4.896573066711426
4.7906084060668945
4.670929431915283
4.996319770812988
4.738000392913818
4.913209438323975
4.901370525360107
4.783547401428223
4.958955764770508
4.803852558135986
4.769081115722656
4.506535053253174
5.031867504119873
4.829946994781494
4.761899471282959
4.453589916229248
4.588485240936279
4.805157661437988
4.666146278381348
4.930816173553467
4.722181797027588
4.762042999267578
4.74037504196167
4.8354668617248535
4.74083137512207
5.134032726287842
4.7884202003479
5.078332901000977
4.5823750495910645
4.765614986419678
4.697658061981201
4.682614803314209
4.8789167404174805
4.856795310974121
4.95962381362915
4.914297103881836
4.739354610443115
4.908483028411865
4.886357307434082
5.628365516662598
5.925873279571533
4.900061130523682
4.7513508796691895
